"DISPL:0","DISPL:1","DISPL:2","LINVEL:0","LINVEL:1","LINVEL:2","NUMBER","ANGVEL:0","ANGVEL:1","ANGVEL:2","FORCE:0","FORCE:1","FORCE:2","TORQUE:0","TORQUE:1","TORQUE:2","ORIENT:0","ORIENT:1","ORIENT:2","ORIENT:3","ORIENT:4","ORIENT:5","ORIENT:6","ORIENT:7","ORIENT:8","ORIENT1:0","ORIENT1:1","ORIENT1:2","ORIENT2:0","ORIENT2:1","ORIENT2:2","ORIENT3:0","ORIENT3:1","ORIENT3:2","Points:0","Points:1","Points:2"
-0.00068818,0,0,0.057973,0,0,0,0,0,0,3014.2,0,0,0,0,0,1,0,0,0,1,0,0,0,1,1,0,0,0,1,0,0,0,1,1.3649,1.3656,0.4125
-0.00087519,0.00016623,30.836,0.049928,0.00322,23.341,1,0,0,-0.17503,1.455,-1.3147,1.4028,0,0,-0.04854,0.99999,0.004675,0,-0.004675,0.99999,0,0,0,1,0.99999,0.004675,0,-0.004675,0.99999,0,0,0,1,0.771,0.29704,31.352
-0.0008703,0.00016865,30.827,0.058182,0.0002612,23.334,2,-0.011058,-0.0030658,0.011509,0.090703,0.11925,1.4028,0.00092302,-0.0018327,0.0068693,0.99999,0.0052157,0.00023671,-0.0052158,0.99999,0.00022762,-0.00023545,-0.00022885,1,0.99999,0.0052157,0.00023671,-0.0052158,0.99999,0.00022762,-0.00023545,-0.00022885,1,0.88975,0.29704,31.343
-0.00085514,0.00011376,30.829,0.051895,-0.0070822,23.332,3,0.033835,0.034674,-0.080749,0,0,1.4028,0,0,0,0.99999,0.0038561,0.00091677,-0.0038565,0.99999,0.00048514,-0.00091529,-0.00048867,1,0.99999,0.0038561,0.00091677,-0.0038565,0.99999,0.00048514,-0.00091529,-0.00048867,1,1.0085,0.29699,31.345
-0.00082318,0.00013913,30.827,0.062155,-0.0027267,23.334,4,0.016861,0.013579,-0.23254,0,0,1.4028,0,0,0,0.99999,0.003174,0.00066971,-0.0031743,0.99999,0.00043141,-0.00066843,-0.00043354,1,0.99999,0.003174,0.00066971,-0.0031743,0.99999,0.00043141,-0.00066843,-0.00043354,1,1.1273,0.29701,31.343
-0.0008262,8.7226e-05,30.828,0.049935,0.0033213,23.334,5,-0.14102,-0.059575,0.2527,-4.1108,-0.31528,1.4028,0.010037,-0.13043,-0.14735,1,0.0019288,-0.0023579,-0.0019355,0.99999,-0.0028602,0.0023518,0.0028647,0.99999,1,0.0019288,-0.0023579,-0.0019355,0.99999,-0.0028602,0.0023518,0.0028647,0.99999,1.246,0.29696,31.344
-0.00085599,-6.8835e-05,30.827,0.062849,-0.00086049,23.334,6,0.16551,-0.17725,0.19912,0.051648,0.051648,1.4028,-0.00072048,0.00072048,0.0007576,1,0.0026524,0.00041312,-0.0026526,1,0.00048928,-0.0004127,-0.00049037,1,1,0.0026524,0.00041312,-0.0026526,1,0.00048928,-0.0004127,-0.00049037,1,1.3648,0.29681,31.343
-0.00087483,4.606e-05,30.831,0.047017,-0.017053,23.337,7,0.16813,-0.35826,-0.55678,-2.6979,-6.3877,1.4028,0.20256,-0.08552,0.090143,1,0.0025996,0.00038004,-0.0025995,1,-0.00036855,-0.00038124,0.00036756,1,1,0.0025996,0.00038004,-0.0025995,1,-0.00036855,-0.00038124,0.00036756,1,1.4835,0.29692,31.347
-0.00094044,0.00014108,30.829,0.064762,0.0042772,23.329,8,-0.036533,0.28804,-0.1735,-0.21801,0.1642,1.4028,-0.0068995,-0.0051917,-0.022884,0.99997,0.0073254,0.001118,-0.0073257,0.99997,0.00023862,-0.0011169,-0.00024681,1,0.99997,0.0073254,0.001118,-0.0073257,0.99997,0.00023862,-0.0011169,-0.00024681,1,1.6022,0.29702,31.345
-0.00090866,9.7274e-05,30.83,0.058749,0.0013857,23.336,9,0.049885,-0.069099,0.065691,0.43452,-0.19984,1.4028,-0.0022882,-0.0097328,-0.010228,0.99999,0.0043855,-0.00025869,-0.0043856,0.99999,-0.00042648,0.00025636,0.00042762,1,0.99999,0.0043855,-0.00025869,-0.0043856,0.99999,-0.00042648,0.00025636,0.00042762,1,1.721,0.29697,31.345
-0.00068679,0.00012942,30.831,0.057846,-0.0025724,23.336,10,0.0046653,-0.0085517,-0.092745,0.28993,-0.28993,1.4028,-0.00040848,-0.00040848,0.0096701,1,-0.0014643,0.0011655,0.0014629,1,0.001169,-0.0011672,-0.0011673,1,1,-0.0014643,0.0011655,0.0014629,1,0.001169,-0.0011672,-0.0011673,1,1.8399,0.297,31.346
-0.00094805,-9.5898e-05,30.836,0.053039,-0.0019088,23.341,11,0,0,-0.20591,0,0,1.4028,0,0,0,1,-0.0003084,0,0.0003084,1,0,0,0,1,1,-0.0003084,0,0.0003084,1,0,0,0,1,1.9584,0.29678,31.352
-0.00099936,0.00021929,30.833,0.058993,-0.0043819,23.336,12,0.023495,-0.066028,0.012291,10.469,-4.7466,19.895,-0.15026,0.041198,-0.27347,1,0.0008117,0.002573,-0.00080753,1,-0.00162,-0.0025744,0.0016179,1,1,0.0008117,0.002573,-0.00080753,1,-0.00162,-0.0025744,0.0016179,1,0.83025,0.35647,31.349
-0.001463,7.1052e-06,30.83,0.049487,0.0082526,23.33,13,-0.028189,-0.0051447,0.035368,7.936,0.31116,9.9473,-0.018893,-0.29141,-0.044297,0.99997,-0.0067205,0.0046442,0.0067232,0.99998,-0.00058015,-0.0046404,0.00061135,0.99999,0.99997,-0.0067205,0.0046442,0.0067232,0.99998,-0.00058015,-0.0046404,0.00061135,0.99999,0.92757,0.37722,31.346
-0.00085762,0.00019653,30.826,0.047477,-0.0059973,23.327,14,-0.18936,0.045552,0.27022,0,0,9.9473,0,0,0,0.99999,-0.0017676,0.0031755,0.0017727,1,-0.0016089,-0.0031729,0.0016145,0.99999,0.99999,-0.0017676,0.0031755,0.0017727,1,-0.0016089,-0.0031729,0.0016145,0.99999,0.97011,0.33548,31.342
-0.0010501,0.00023144,30.822,0.054577,0.0032186,23.322,15,-0.032414,-0.063877,0.022118,3.9213,-4.3106,19.895,-0.30995,0.01714,-0.34437,0.99999,0.0023,0.0036584,-0.0022924,1,-0.0020852,-0.0036634,0.0020768,0.99999,0.99999,0.0023,0.0036584,-0.0022924,1,-0.0020852,-0.0036634,0.0020768,0.99999,1.0677,0.35648,31.338
-0.0010074,0.0001317,30.825,0.052732,-0.014754,23.323,16,0.20652,-0.089975,0.11938,1.1021,0,19.895,0,-0.11379,-0.052799,1,0.00084133,0.0022693,-0.0008366,1,-0.0020844,-0.0022712,0.0020825,1,1,0.00084133,0.0022693,-0.0008366,1,-0.0020844,-0.0022712,0.0020825,1,1.1865,0.35638,31.341
-0.0010321,-8.7075e-07,30.827,0.057755,-0.0057329,23.327,17,0.16938,-0.063057,0.084713,-0.35234,0.21263,19.895,-0.056492,-0.05909,0.010724,0.99999,0.0015783,0.0028682,-0.0015789,1,0.00019134,-0.002868,-0.00019587,1,0.99999,0.0015783,0.0028682,-0.0015789,1,0.00019134,-0.002868,-0.00019587,1,1.3052,0.35625,31.342
-0.0010224,-8.4933e-05,30.825,0.060434,-0.0086922,23.327,18,0.1429,0.046036,-0.11824,5.8015,6.3047,19.895,-0.10449,0.088435,0.26622,0.99999,0.0018957,0.0033243,-0.0018995,1,0.0011379,-0.0033222,-0.0011442,0.99999,0.99999,0.0018957,0.0033243,-0.0018995,1,0.0011379,-0.0033222,-0.0011442,0.99999,1.424,0.35617,31.341
-0.0011192,8.7383e-05,30.825,0.053735,0.00098978,23.325,19,0.099621,-0.046597,0.11431,0,0,9.9473,0,0,0,0.99998,0.0021612,0.0059411,-0.0021489,1,-0.0020773,-0.0059456,0.0020645,0.99998,0.99998,0.0021612,0.0059411,-0.0021489,1,-0.0020773,-0.0059456,0.0020645,0.99998,1.5636,0.3773,31.341
-0.0011218,-0.00013166,30.823,0.057198,-0.018466,23.323,20,-0.080309,0.044828,0.31347,4.0466,1.8718,9.9473,-0.057555,0.12675,0.14291,0.99999,0.0040585,0.0019512,-0.0040609,0.99999,0.0012263,-0.0019464,-0.0012342,1,0.99999,0.0040585,0.0019512,-0.0040609,0.99999,0.0012263,-0.0019464,-0.0012342,1,1.5217,0.33515,31.339
-0.0012838,4.5648e-05,30.824,0.075414,0.0026228,23.321,21,-0.11769,0.073208,0.12033,2.6078,2.567,9.9473,0.124,-0.082569,-0.1501,0.99999,-0.001069,0.0043347,0.0010701,1,-0.00025561,-0.0043347,0.00026025,0.99999,0.99999,-0.001069,0.0043347,0.0010701,1,-0.00025561,-0.0043347,0.00026025,0.99999,1.6316,0.3563,31.34
-0.00098197,0.00018099,30.828,0.053406,-0.0047834,23.333,22,0.0043113,-0.15088,0.15496,-0.11734,-0.11734,9.9473,-0.0037051,0.0037051,-0.0060623,1,0.0003891,0.0022483,-0.00038251,1,-0.0029288,-0.0022495,0.0029279,0.99999,1,0.0003891,0.0022483,-0.00038251,1,-0.0029288,-0.0022495,0.0029279,0.99999,1.6912,0.35643,31.344
-0.00076767,-0.00011068,30.827,0.058133,-0.0035436,23.326,23,0.013103,0.032556,0.09509,2.6512,-5.723,9.9473,0.14803,0.14004,-0.029722,0.99998,0.0067291,0.0017979,-0.0067301,0.99998,0.00050629,-0.0017949,-0.00051837,1,0.99998,0.0067291,0.0017979,-0.0067301,0.99998,0.00050629,-0.0017949,-0.00051837,1,1.8014,0.3771,31.343
-0.0011616,0.00026233,30.829,0.062917,0.0010597,23.333,24,-0.035811,0.025474,-0.12087,4.6481,-3.9243,9.9473,0.42769,-0.12794,0.059029,0.99997,0.0069324,0.0039642,-0.0069254,0.99997,-0.0017951,-0.003977,0.0017676,0.99999,0.99997,0.0069324,0.0039642,-0.0069254,0.99997,-0.0017951,-0.003977,0.0017676,0.99999,1.7591,0.33555,31.345
-0.0010225,0.00032168,30.829,0.064699,-0.00071555,23.329,25,0.084035,0.02741,0.13544,2.5546,-2.5546,9.9473,-0.058363,-0.058363,0.097166,0.99994,0.010355,0.0018315,-0.010357,0.99995,0.0010107,-0.0018212,-0.0010296,1,0.99994,0.010355,0.0018315,-0.010357,0.99995,0.0010107,-0.0018212,-0.0010296,1,1.8693,0.35657,31.344
-0.00094255,-0.00048859,30.831,0.068029,0.0036872,23.334,26,-0.18259,0.011032,0.185,0,0,9.9473,0,0,0,0.99996,0.0090008,0.0018687,-0.0090013,0.99996,0.00024443,-0.0018665,-0.00026124,1,0.99996,0.0090008,0.0018687,-0.0090013,0.99996,0.00024443,-0.0018665,-0.00026124,1,1.9287,0.35576,31.347
-0.0009066,0.00019555,30.836,0.064651,-0.0048736,23.341,27,0,0,-0.044478,0,0,1.4028,0,0,0,0.99999,-0.0046066,0,0.0046066,0.99999,0,0,0,1,0.99999,-0.0046066,0,0.0046066,0.99999,0,0,0,1,0.65222,0.41582,31.352
-0.00098191,7.403e-05,30.831,0.053416,-0.0016742,23.337,28,0.093892,0.036338,-0.031738,0.45329,0.26996,1.4028,-0.0085656,0.014374,-0.0090017,0.99998,0.0058815,0.0012341,-0.0058828,0.99998,0.0010528,-0.0012284,-0.00106,1,0.99998,0.0058815,0.0012341,-0.0058828,0.99998,0.0010528,-0.0012284,-0.00106,1,0.77089,0.4157,31.347
-0.0012398,0.00011016,30.83,0.05439,0.00022872,23.329,29,-0.13222,-0.1079,0.042732,0.58439,-0.071648,1.4028,-0.001944,-0.019733,-0.002193,0.99997,0.0020503,0.0077286,-0.0020343,1,-0.0020761,-0.0077329,0.0020603,0.99997,0.99997,0.0020503,0.0077286,-0.0020343,1,-0.0020761,-0.0077329,0.0020603,0.99997,0.88939,0.41574,31.346
-0.0012117,2.3353e-05,30.824,0.058154,0.0086734,23.323,30,-0.12666,-0.0041465,-0.21656,0.25944,0.39755,1.4028,0.021747,-0.0011298,-0.017504,0.99994,0.008113,0.0070815,-0.0080947,0.99996,-0.0025973,-0.0071024,0.0025399,0.99997,0.99994,0.008113,0.0070815,-0.0080947,0.99996,-0.0025973,-0.0071024,0.0025399,0.99997,1.0082,0.41565,31.34
-0.0011282,0.00029767,30.827,0.037583,-0.0050194,23.329,31,-0.49433,-0.37876,0.17891,0,0,1.4028,0,0,0,0.99998,-0.0015853,0.0054182,0.0016136,0.99999,-0.0052241,-0.0054095,0.0052327,0.99997,0.99998,-0.0015853,0.0054182,0.0016136,0.99999,-0.0052241,-0.0054095,0.0052327,0.99997,1.127,0.41592,31.343
-0.001112,6.162e-05,30.824,0.050999,-0.0065959,23.325,32,0.33375,-0.40288,-0.017943,0.72924,-0.72924,1.4028,0.023145,0.023145,-0.024306,0.99999,-0.0019027,0.0045399,0.001918,0.99999,-0.0033496,-0.0045336,0.0033582,0.99998,0.99999,-0.0019027,0.0045399,0.001918,0.99999,-0.0033496,-0.0045336,0.0033582,0.99998,1.2458,0.41569,31.34
-0.0012769,-4.7839e-05,30.821,0.057148,0.0014109,23.322,33,0.1506,-0.022048,0.017068,1.2419,-1.0979,1.4028,0.0023404,-0.0143,-0.042796,0.99996,0.0020582,0.0090983,-0.0020657,1,0.00081351,-0.0090965,-0.00083227,0.99996,0.99996,0.0020582,0.0090983,-0.0020657,1,0.00081351,-0.0090965,-0.00083227,0.99996,1.3644,0.41558,31.337
-0.001145,5.0391e-05,30.824,0.061735,-0.018072,23.326,34,0.19084,-0.016571,-0.0035222,-0.28774,0.13768,1.4028,-0.0043834,-0.0091433,0.008381,0.99999,0.0018259,0.0051572,-0.0018194,1,-0.0012602,-0.0051604,0.0012508,0.99999,0.99999,0.0018259,0.0051572,-0.0018194,1,-0.0012602,-0.0051604,0.0012508,0.99999,1.4832,0.41568,31.34
-0.0013471,4.6608e-05,30.823,0.06664,0.0075104,23.321,35,-0.11022,0.18177,-0.073209,-0.079843,0.0069258,1.4028,0.017231,-0.01538,-0.0019968,0.99993,0.0035894,0.011254,-0.0035713,0.99999,-0.0016287,-0.011261,0.0015884,0.99994,0.99993,0.0035894,0.011254,-0.0035713,0.99999,-0.0016287,-0.011261,0.0015884,0.99994,1.6018,0.41567,31.339
-0.0011667,-0.0002001,30.824,0.058793,0.012951,23.326,36,-0.53805,-0.060632,-0.31684,0.7185,0.060426,1.4028,-0.0088809,-0.011993,-0.027358,0.99997,-0.002217,0.0068579,0.002206,1,0.0016145,-0.0068619,-0.0015993,0.99998,0.99997,-0.002217,0.0068579,0.002206,1,0.0016145,-0.0068619,-0.0015993,0.99998,1.7207,0.41542,31.34
-0.0011337,-0.00010114,30.828,0.049121,-0.0073249,23.329,37,0.36904,-0.14802,0.10414,0,0,1.4028,0,0,0,0.99998,0.0029616,0.0051485,-0.0029619,1,6.6481e-05,-0.0051487,-8.1732e-05,0.99999,0.99998,0.0029616,0.0051485,-0.0029619,1,6.6481e-05,-0.0051487,-8.1732e-05,0.99999,1.8395,0.41552,31.344
-0.00091175,1.0813e-05,30.829,0.059106,-0.0038909,23.335,38,0.14346,0.14318,0.092572,1.0861,-1.1767,1.4028,-0.027073,-0.029943,-0.02696,1,0.0010793,0.00046773,-0.0010791,1,-0.0004626,-0.0004687,0.0004621,1,1,0.0010793,0.00046773,-0.0010791,1,-0.0004626,-0.0004687,0.0004621,1,1.9585,0.41564,31.345
-0.00089861,-0.00020303,30.836,0.060147,1.6916e-05,23.341,39,0,0,-0.12897,0,0,1.4028,0,0,0,0.99999,-0.0050682,0,0.0050682,0.99999,0,0,0,1,0.99999,-0.0050682,0,0.0050682,0.99999,0,0,0,1,2.0772,0.41542,31.352
-0.0010045,-1.8516e-05,30.827,0.058831,-0.0087763,23.327,40,0.10968,0.044345,0.021865,6.1325,6.1325,19.895,0.14792,-0.14792,-0.11869,0.99999,0.001183,0.0029593,-0.001181,1,-0.00067931,-0.0029602,0.00067581,1,0.99999,0.001183,0.0029593,-0.001181,1,-0.00067931,-0.0029602,0.00067581,1,0.7115,0.47498,31.343
-0.0012633,-4.5374e-05,30.829,0.0574,-0.012228,23.332,41,0.061428,-0.29421,-0.055424,2.7054,5.0477,19.895,0.069052,-0.1752,0.40997,0.99999,-0.00049202,0.0050734,0.00049339,1,-0.00026842,-0.0050734,0.00027092,0.99999,0.99999,-0.00049202,0.0050734,0.00049339,1,-0.00026842,-0.0050734,0.00027092,0.99999,0.82999,0.47495,31.344
-0.0014027,0.00011138,30.824,0.057755,0.0058996,23.326,42,0.0025659,-0.067811,0.079281,10.659,-10.659,19.895,-0.34069,-0.34069,0.86288,0.99997,-0.00079534,0.0074903,0.00080674,1,-0.0015189,-0.0074891,0.0015249,0.99997,0.99997,-0.00079534,0.0074903,0.00080674,1,-0.0015189,-0.0074891,0.0015249,0.99997,0.9486,0.47511,31.339
-0.001153,0.00014177,30.819,0.04973,-0.00027619,23.32,43,-0.22794,-0.019689,-0.24584,6.2698,-5.5987,9.9473,-0.10295,-0.17074,-0.060326,0.99998,0.0024428,0.0063651,-0.0024312,1,-0.001826,-0.0063693,0.0018105,0.99998,0.99998,0.0024428,0.0063651,-0.0024312,1,-0.001826,-0.0063693,0.0018105,0.99998,1.0886,0.49611,31.335
-0.0016515,0.00030302,30.815,0.071955,-0.011219,23.309,44,-0.087879,-0.044493,-0.66515,3.0402,-4.8837,9.9473,-0.10279,0.08492,-0.0091525,0.99995,0.006887,0.007242,-0.0068699,0.99997,-0.0023884,-0.0072587,0.0023385,0.99997,0.99995,0.006887,0.007242,-0.0068699,0.99997,-0.0023884,-0.0072587,0.0023385,0.99997,1.0461,0.45434,31.33
-0.0012488,0.00019278,30.814,0.048419,-0.020923,23.315,45,0.18182,-0.069297,0.066996,3.7438,-5.5228,19.895,-0.17633,0.015773,-0.36577,0.99998,-5.151e-05,0.006629,7.1742e-05,1,-0.0030518,-0.0066288,0.0030522,0.99997,0.99998,-5.151e-05,0.006629,7.1742e-05,1,-0.0030518,-0.0066288,0.0030522,0.99997,1.1863,0.47519,31.33
-0.0012982,1.4547e-05,30.815,0.033006,-0.011619,23.315,46,0.29564,-0.2129,-0.28984,2.188,-1.4739,9.9473,0.0039424,-0.045342,-0.075289,0.99999,-0.0033724,0.0041049,0.0033653,0.99999,0.0017262,-0.0041099,-0.0017124,0.99999,0.99999,-0.0033724,0.0041049,0.0033653,0.99999,0.0017262,-0.0041099,-0.0017124,0.99999,1.305,0.50466,31.331
-0.0013583,-0.00026814,30.813,0.052707,0.0039796,23.313,47,-0.034458,-0.0084392,0.086538,-0.72924,0.19424,9.9473,-0.090528,-0.022893,-0.064033,0.99997,0.001375,0.0074475,-0.0013916,1,0.0022316,-0.0074465,-0.0022419,0.99997,0.99997,0.001375,0.0074475,-0.0013916,1,0.0022316,-0.0074465,-0.0022419,0.99997,1.3049,0.44508,31.329
-0.0015201,-0.0001326,30.811,0.047895,-0.014468,23.31,48,0.13228,-0.02505,-0.11072,4.1487,0.2595,9.9473,-0.20351,-0.014952,-0.01777,0.99996,-0.00040432,0.0091372,0.00038182,1,0.0024648,-0.0091387,-0.0024612,0.99996,0.99996,-0.00040432,0.0091372,0.00038182,1,0.0024648,-0.0091387,-0.0024612,0.99996,1.3938,0.47487,31.326
-0.0010142,0.00013362,30.812,0.070521,-0.015512,23.31,49,0.2249,0.15049,0.0539,0,0,9.9473,0,0,0,0.99998,-0.0026405,0.0054121,0.0026513,0.99999,-0.0019937,-0.0054068,0.002008,0.99998,0.99998,-0.0026405,0.0054121,0.0026513,0.99999,-0.0019937,-0.0054068,0.002008,0.99998,1.4536,0.47513,31.328
-0.0013841,-6.3848e-05,30.822,0.060309,-0.0088826,23.313,50,0.12996,0.060315,0.0053079,2.4845,10.225,19.895,0.32756,0.62954,-0.52717,0.99997,-0.001142,0.0074754,0.0011324,1,0.0012967,-0.0074769,-0.0012882,0.99997,0.99997,-0.001142,0.0074754,0.0011324,1,0.0012967,-0.0074769,-0.0012882,0.99997,1.5424,0.47494,31.337
-0.0013989,4.8272e-05,30.82,0.065935,0.0011385,23.322,51,0.078969,0.11219,0.0091836,4.1573,-2.8022,19.895,-0.089749,-0.22953,0.16147,0.99997,-0.0010079,0.0076317,0.0010079,1,-4.0165e-06,-0.0076316,1.1709e-05,0.99997,0.99997,-0.0010079,0.0076317,0.0010079,1,-4.0165e-06,-0.0076316,1.1709e-05,0.99997,1.6611,0.47505,31.336
-0.0015808,0.0001969,30.823,0.053248,-0.0065813,23.32,52,0.23056,-0.062646,-0.21768,0.039902,0.039902,9.9473,-0.004112,0.004112,-0.0010732,0.99998,-0.0023093,0.0062188,0.0023164,1,-0.0011302,-0.006216,0.0011446,0.99998,0.99998,-0.0023093,0.0062188,0.0023164,1,-0.0011302,-0.006216,0.0011446,0.99998,1.7587,0.49616,31.339
-0.0012219,-6.9136e-05,30.82,0.048427,0.003919,23.322,53,0.0033913,-0.075451,-0.059956,0.38229,-0.38229,9.9473,-0.012108,-0.012108,-0.031051,0.99999,0.001028,0.004578,-0.0010249,1,-0.0006857,-0.0045793,0.00068101,0.99999,0.99999,0.001028,0.004578,-0.0010249,1,-0.0006857,-0.0045793,0.00068101,0.99999,1.801,0.45397,31.336
-0.001166,0.00012689,30.828,0.055015,0.0012935,23.332,54,-0.014169,-0.023484,0.043239,5.0941,1.3833,19.895,0.27474,-0.3922,0.071597,0.99999,-2.9531e-05,0.0035639,3.6238e-05,1,-0.0018816,-0.0035639,0.0018817,0.99999,0.99999,-2.9531e-05,0.0035639,3.6238e-05,1,-0.0018816,-0.0035639,0.0018817,0.99999,1.8988,0.47513,31.344
-0.001033,-2.0178e-05,30.829,0.055995,0.00039536,23.332,55,0.013941,0.031659,0.0085581,2.0617,2.2313,19.895,0.071078,0.052611,-0.074084,0.99999,0.0018232,0.0032944,-0.0018223,1,-0.00027075,-0.003295,0.00026474,0.99999,0.99999,0.0018232,0.0032944,-0.0018223,1,-0.00027075,-0.003295,0.00026474,0.99999,2.0177,0.47498,31.345
-0.00084101,8.3427e-05,30.836,0.037338,-0.0076488,23.341,56,0,0,-0.37761,0,0,1.4028,0,0,0,1,-0.0019104,0,0.0019104,1,0,0,0,1,1,-0.0019104,0,0.0019104,1,0,0,0,1,0.53353,0.53446,31.352
-0.0010376,-0.00013273,30.83,0.059485,-0.012616,23.336,57,-0.087174,0.068984,-0.39291,0,0,1.4028,0,0,0,1,0.001222,0.0022403,-0.0012269,1,0.0022157,-0.0022379,-0.0022184,1,1,0.001222,0.0022403,-0.0012269,1,0.0022157,-0.0022379,-0.0022184,1,0.65209,0.53424,31.346
-0.0012601,-0.00011209,30.826,0.062352,-0.013079,23.326,58,0.26077,0.055383,0.0014014,-0.16809,-0.05269,1.4028,-0.0016713,0.0053316,-1.1412e-05,0.99996,0.0027892,0.00901,-0.0027954,1,0.0006719,-0.0090078,-0.00069706,0.99996,0.99996,0.0027892,0.00901,-0.0027954,1,0.0006719,-0.0090078,-0.00069706,0.99996,0.77061,0.53426,31.342
-0.0013389,-2.2864e-05,30.816,0.054516,0.0015541,23.315,59,-0.20503,-0.11587,0.52191,1.3091,-1.0745,1.4028,0.05034,0.044119,0.039637,0.99993,0.004085,0.011073,-0.0040863,0.99999,9.6121e-05,-0.011072,-0.00014136,0.99994,0.99993,0.004085,0.011073,-0.0040863,0.99999,9.6121e-05,-0.011072,-0.00014136,0.99994,0.88929,0.53435,31.332
-0.0013052,0.00019012,30.821,0.059266,0.0059603,23.322,60,0.016619,0.0045663,-0.17112,0.02274,-0.0041626,1.4028,-0.00013203,-0.00072127,1.7269e-06,0.99995,0.0012943,0.010146,-0.0012508,0.99999,-0.0042936,-0.010152,0.0042807,0.99994,0.99995,0.0012943,0.010146,-0.0012508,0.99999,-0.0042936,-0.010152,0.0042807,0.99994,1.0081,0.53457,31.337
-0.0013267,0.00013995,30.818,0.050813,-0.023295,23.315,61,-0.15808,-0.089077,-0.43071,1.859,-1.8712,1.4028,0.020594,0.019639,-0.0088873,0.99994,0.0023404,0.010553,-0.0023055,0.99999,-0.0033189,-0.010561,0.0032944,0.99994,0.99994,0.0023404,0.010553,-0.0023055,0.99999,-0.0033189,-0.010561,0.0032944,0.99994,1.1268,0.53451,31.334
-0.0013486,0.00010305,30.823,0.054206,-0.0032015,23.325,62,0.95811,-0.42129,1.1372,-12.577,6.7552,1.4028,-0.21272,-0.32495,-0.018041,0.99994,0.00087202,0.011274,-0.00083117,0.99999,-0.0036279,-0.011277,0.0036182,0.99993,0.99994,0.00087202,0.011274,-0.00083117,0.99999,-0.0036279,-0.011277,0.0036182,0.99993,1.2455,0.53448,31.339
-0.0012929,-0.00021442,30.813,0.051744,-0.023422,23.309,63,0.52968,-0.32304,-0.38615,0.018787,-0.18693,1.4028,-0.0066661,-0.0024371,0.0096332,0.99995,-1.6123e-05,0.0097809,-2.0265e-05,0.99999,0.0037204,-0.0097803,-0.0037205,0.99995,0.99995,-1.6123e-05,0.0097809,-2.0265e-05,0.99999,0.0037204,-0.0097803,-0.0037205,0.99995,1.3643,0.53416,31.329
-0.0013621,-0.0001649,30.814,0.053304,-0.006144,23.309,64,0.28634,-0.16266,-0.30522,0.56359,-0.11728,1.4028,-0.0040728,-0.020499,0.0092526,0.99991,0.0059781,0.01228,-0.0059958,0.99998,0.0014017,-0.012272,-0.0014752,0.99992,0.99991,0.0059781,0.01228,-0.0059958,0.99998,0.0014017,-0.012272,-0.0014752,0.99992,1.483,0.53421,31.33
-0.0013656,-1.2662e-05,30.818,0.060485,-0.00025459,23.313,65,-0.097411,0.12684,0.055287,0.21228,0.30307,1.4028,0.0096911,-0.006355,-0.010717,0.99992,0.004053,0.011879,-0.0040585,0.99999,0.00044197,-0.011878,-0.00049015,0.99993,0.99992,0.004053,0.011879,-0.0040585,0.99999,0.00044197,-0.011878,-0.00049015,0.99993,1.6018,0.53436,31.334
-0.0013197,-8.0033e-06,30.822,0.056788,-0.0030116,23.324,66,0.19708,-0.052289,0.07675,-0.24482,-0.57766,1.4028,0.018221,-0.0076634,0.019892,0.99994,0.0010817,0.010461,-0.0010832,1,0.00014301,-0.010461,-0.00015434,0.99995,0.99994,0.0010817,0.010461,-0.0010832,1,0.00014301,-0.010461,-0.00015434,0.99995,1.7206,0.53437,31.337
-0.0012002,4.0251e-05,30.829,0.054445,0.00090091,23.328,67,-0.013695,-0.10012,-0.13799,-1.4751,-0.71051,1.4028,0.04671,-0.022371,0.024015,0.99997,0.0040608,0.0067818,-0.0040613,0.99999,5.9826e-05,-0.0067819,-8.7367e-05,0.99998,0.99997,0.0040608,0.0067818,-0.0040613,0.99999,5.9826e-05,-0.0067819,-8.7367e-05,0.99998,1.8394,0.53442,31.345
-0.0012964,4.7016e-05,30.83,0.05267,-0.003583,23.332,68,0.13054,-0.12034,-0.083677,-0.21031,-0.27013,1.4028,-0.011847,0.0089534,0.022156,0.99995,0.0017091,0.0096515,-0.0016969,1,-0.0012773,-0.0096536,0.0012609,0.99995,0.99995,0.0017091,0.0096515,-0.0016969,1,-0.0012773,-0.0096536,0.0012609,0.99995,1.9581,0.53442,31.346
-0.0010513,0.00011741,30.829,0.060813,0.0059524,23.335,69,0.048461,-0.084959,-0.15392,0.046276,-0.060179,1.4028,0.0019131,0.0016003,-0.0037016,0.99998,0.0054371,0.0035942,-0.0054369,0.99999,-6.3543e-05,-0.003595,4.3999e-05,0.99999,0.99998,0.0054371,0.0035942,-0.0054369,0.99999,-6.3543e-05,-0.003595,4.3999e-05,0.99999,2.0771,0.53449,31.344
-0.00083175,-4.5988e-05,30.836,0.050709,-0.0015862,23.341,70,0,0,0.2103,0,0,1.4028,0,0,0,1,-0.0022777,0,0.0022777,1,0,0,0,1,1,-0.0022777,0,0.0022777,1,0,0,0,1,2.196,0.53433,31.352
-0.0010392,-0.00014859,30.828,0.060989,0.0061623,23.332,71,-0.12981,0.0046894,-0.089378,11.278,11.278,19.895,0.33015,-0.33015,-0.21714,0.99999,0.0018092,0.0030141,-0.001813,1,0.0012505,-0.003012,-0.001256,0.99999,0.99999,0.0018092,0.0030141,-0.001813,1,0.0012505,-0.003012,-0.001256,0.99999,0.59271,0.5936,31.344
-0.0012587,-0.00032307,30.826,0.054753,-0.010137,23.327,72,0.11802,-0.036389,0.0554,0.57128,1.8197,19.895,-0.022234,-0.10696,-0.054224,0.99998,-0.00062439,0.0068116,0.00060289,0.99999,0.0031576,-0.0068136,-0.0031534,0.99997,0.99998,-0.00062439,0.0068116,0.00060289,0.99999,0.0031576,-0.0068136,-0.0031534,0.99997,0.71124,0.59343,31.342
-0.0014295,-0.00015039,30.818,0.058185,-0.014788,23.319,73,0.15819,0.1051,-0.054884,0.78484,6.4585,19.895,-0.10056,-0.020919,-0.018425,0.99997,-0.00064208,0.0083425,0.00062871,1,0.0016058,-0.0083435,-0.0016005,0.99996,0.99997,-0.00064208,0.0083425,0.00062871,1,0.0016058,-0.0083435,-0.0016005,0.99996,0.82982,0.5936,31.333
-0.0019631,-0.00036892,30.813,0.059683,-0.0029152,23.312,74,-0.15158,-0.17061,0.34363,2.9487,-3.8598,9.9473,-0.25208,0.033131,0.13181,0.9999,-0.010879,0.0087294,0.010828,0.99992,0.005844,-0.0087905,-0.0057489,0.99994,0.9999,-0.010879,0.0087294,0.010828,0.99992,0.005844,-0.0087905,-0.0057489,0.99994,0.92707,0.61435,31.328
-0.00089174,1.1361e-05,30.818,0.046402,-0.0015714,23.316,75,-0.024362,0.087102,0.11708,0.5035,-0.5035,9.9473,0.051912,0.051912,-0.034311,0.99997,-0.0066932,0.0036366,0.0066995,0.99998,-0.0017216,-0.0036259,0.0017459,0.99999,0.99997,-0.0066932,0.0036366,0.0066995,0.99998,-0.0017216,-0.0036259,0.0017459,0.99999,0.97007,0.5728,31.334
-0.0014635,6.5237e-05,30.808,0.055438,-0.0070811,23.307,76,-0.093351,0.026846,-0.065568,10.486,-4.2401,19.895,0.022836,0.60738,-0.137,0.99996,-0.0005243,0.0085474,0.00053591,1,-0.0013561,-0.0085466,0.0013606,0.99996,0.99996,-0.0005243,0.0085474,0.00053591,1,-0.0013561,-0.0085466,0.0013606,0.99996,1.0673,0.59382,31.324
-0.0014851,4.5372e-05,30.821,0.053489,-0.017134,23.323,77,0.16559,-0.050492,0.044449,5.6818,5.8157,19.895,0.27448,-0.12616,0.34411,0.99996,3.7759e-06,0.0089379,1.0991e-05,1,-0.0016521,-0.0089378,0.0016522,0.99996,0.99996,3.7759e-06,0.0089379,1.0991e-05,1,-0.0016521,-0.0089378,0.0016522,0.99996,1.186,0.5938,31.336
-0.0016031,-6.137e-05,30.82,0.047657,-0.02708,23.322,78,0.13305,-0.25923,-0.3891,8.5137,-1.2494,9.9473,-0.036158,0.31959,-0.13391,0.99996,-0.0039868,0.0075885,0.0039808,0.99999,0.00080289,-0.0075917,-0.00077265,0.99997,0.99996,-0.0039868,0.0075885,0.0039808,0.99999,0.00080289,-0.0075917,-0.00077265,0.99997,1.2837,0.61465,31.336
-0.0012925,-0.00015865,30.816,0.048179,0.012488,23.313,79,0.28281,-0.15898,-0.17217,-9.2805,7.4651,9.9473,0.23619,-0.014661,-0.18826,0.99996,-0.0030151,0.0078785,0.0030003,0.99999,0.0018976,-0.0078843,-0.0018739,0.99997,0.99996,-0.0030151,0.0078785,0.0030003,0.99999,0.0018976,-0.0078843,-0.0018739,0.99997,1.3259,0.57263,31.332
-0.0014095,-0.000272,30.818,0.068423,-0.0088479,23.319,80,0.11111,0.040224,0.11797,5.0555,11.016,19.895,0.34814,-0.27644,0.19945,0.99997,-0.0012816,0.0076678,0.001264,1,0.0023056,-0.0076707,-0.0022958,0.99997,0.99997,-0.0012816,0.0076678,0.001264,1,0.0023056,-0.0076707,-0.0022958,0.99997,1.4236,0.59348,31.333
-0.0015582,-9.4418e-05,30.814,0.065225,-0.0102,23.313,81,0.093068,0.042492,-0.049502,-0.56728,-0.46098,19.895,-0.85562,0.39653,0.27868,0.99995,-0.00018974,0.0096329,0.0001697,1,0.002081,-0.0096333,-0.0020792,0.99995,0.99995,-0.00018974,0.0096329,0.0001697,1,0.002081,-0.0096333,-0.0020792,0.99995,1.5422,0.59366,31.33
-0.0015576,2.1769e-05,30.819,0.05182,-0.0084241,23.32,82,0.032917,-0.082545,0.025801,-14.736,12.2,19.895,0.60816,-0.67268,-0.53272,0.99995,-1.195e-05,0.0096685,2.2714e-06,1,0.001001,-0.0096686,-0.001001,0.99995,0.99995,-1.195e-05,0.0096685,2.2714e-06,1,0.001001,-0.0096686,-0.001001,0.99995,1.6609,0.59377,31.334
-0.0013559,-2.904e-05,30.821,0.053843,0.0063008,23.312,83,-0.0060333,0.02038,-0.052126,1.052,3.2675,19.895,-0.11539,-0.11373,0.076585,0.99997,-0.0006789,0.007247,0.00067444,1,0.00061837,-0.0072474,-0.00061347,0.99997,0.99997,-0.0006789,0.007247,0.00067444,1,0.00061837,-0.0072474,-0.00061347,0.99997,1.7799,0.59372,31.337
-0.00165,9.7206e-05,30.819,0.058616,-0.0040706,23.315,84,0.015534,-0.032409,0.20689,-0.18609,4.7578,9.9473,-1.0743,0.32301,0.32484,0.99994,-0.005376,0.009062,0.0053844,0.99999,-0.00089974,-0.0090571,0.00094848,0.99996,0.99994,-0.005376,0.009062,0.0053844,0.99999,-0.00089974,-0.0090571,0.00094848,0.99996,1.8984,0.62349,31.335
-0.0012324,-2.7373e-05,30.823,0.05242,-0.00021757,23.317,85,0.035342,0.015107,0.090298,1.1482,-5.8621,9.9473,0.93865,0.044842,-0.36595,0.99997,-0.0027649,0.0068089,0.0027713,1,-0.00093309,-0.0068067,0.00095193,0.99998,0.99997,-0.0027649,0.0068089,0.0027713,1,-0.00093309,-0.0068067,0.00095193,0.99998,1.8988,0.56408,31.339
-0.0012838,8.6622e-05,30.819,0.061748,0.0029285,23.315,86,0.065226,0.034273,0.041619,6.3761,4.9092,19.895,-0.10339,0.0041447,-0.25108,0.99998,-0.00076793,0.005431,0.00077263,1,-0.00086342,-0.0054304,0.0008676,0.99998,0.99998,-0.00076793,0.005431,0.00077263,1,-0.00086342,-0.0054304,0.0008676,0.99998,2.0175,0.59384,31.334
-0.00098111,0.00022815,30.83,0.055226,-0.0026974,23.335,87,-0.056874,0.047598,0.017216,1.3732,0.042527,19.895,-0.15229,-0.10719,-0.003483,1,0.00044344,0.0024356,-0.00044055,1,-0.0011869,-0.0024361,0.0011859,1,1,0.00044344,0.0024356,-0.00044055,1,-0.0011869,-0.0024361,0.0011859,1,2.1365,0.59398,31.346
-0.00093863,0.00013589,30.836,0.052857,-0.011286,23.341,88,0,0,0.4298,0,0,1.4028,0,0,0,1,-0.0018106,0,0.0018106,1,0,0,0,1,1,-0.0018106,0,0.0018106,1,0,0,0,1,0.41469,0.65326,31.352
-0.0010759,-0.0002611,30.829,0.049665,0.0020756,23.331,89,0.30951,0.1675,-0.14052,-0.012968,-0.081715,1.4028,0.0025876,-0.00041567,0.0012337,0.99998,0.0021001,0.0054746,-0.0021092,1,0.0016563,-0.0054713,-0.0016678,0.99998,0.99998,0.0021001,0.0054746,-0.0021092,1,0.0016563,-0.0054713,-0.0016678,0.99998,0.5333,0.65286,31.345
-0.0012924,-0.00027599,30.824,0.058169,-0.013008,23.327,90,0.47094,0.023677,-0.4496,0.57573,0.035333,1.4028,0.009544,-0.0061442,-0.020426,0.99995,0.0011628,0.010203,-0.0012169,0.99999,0.0052926,-0.010197,-0.0053047,0.99993,0.99995,0.0011628,0.010203,-0.0012169,0.99999,0.0052926,-0.010197,-0.0053047,0.99993,0.65183,0.65285,31.34
-0.0012106,-0.00038028,30.82,0.060472,0.0069421,23.317,91,-0.3611,-0.16839,0.0039104,3.7645,4.7344,1.4028,0.016716,-0.021539,0.23354,0.99995,0.0024891,0.0097855,-0.0025385,0.99998,0.0050316,-0.0097731,-0.0050562,0.99994,0.99995,0.0024891,0.0097855,-0.0025385,0.99998,0.0050316,-0.0097731,-0.0050562,0.99994,0.77066,0.65274,31.336
-0.0012457,-0.00033099,30.806,0.066984,-0.014496,23.298,92,0.15937,0.12169,-0.24945,-0.53545,0.24049,1.4028,-0.012316,-0.015296,0.0030143,0.99994,-0.0045423,0.010399,0.0044993,0.99998,0.0041586,-0.010417,-0.0041116,0.99994,0.99994,-0.0045423,0.010399,0.0044993,0.99998,0.0041586,-0.010417,-0.0041116,0.99994,0.88938,0.65279,31.322
-0.0010703,-0.00043624,30.82,0.049183,-0.0043811,23.321,93,0.64041,0.29066,-0.19948,-0.32302,0.44622,1.4028,0.014181,0.010218,0.087669,0.99997,0.0049645,0.0058419,-0.0050026,0.99997,0.0065166,-0.0058096,-0.0065457,0.99996,0.99997,0.0049645,0.0058419,-0.0050026,0.99997,0.0065166,-0.0058096,-0.0065457,0.99996,1.0083,0.65269,31.336
-0.0013463,-5.5938e-05,30.82,0.052618,-0.022861,23.321,94,0.15176,-0.21131,-0.39659,0.70104,0.83983,1.4028,0.026868,-0.017753,0.033789,0.99994,-0.00053749,0.011063,0.00052613,1,0.0010292,-0.011063,-0.0010233,0.99994,0.99994,-0.00053749,0.011063,0.00052613,1,0.0010292,-0.011063,-0.0010233,0.99994,1.1268,0.65307,31.336
-0.0014269,-2.8548e-05,30.819,0.046813,-0.015141,23.318,95,0.031695,-0.22934,0.13102,-5.9613,-1.5161,1.4028,-0.078418,-0.026215,0.1572,0.9999,-0.0014719,0.013723,0.0014684,1,0.00026675,-0.013723,-0.00024658,0.99991,0.9999,-0.0014719,0.013723,0.0014684,1,0.00026675,-0.013723,-0.00024658,0.99991,1.2454,0.6531,31.335
-0.0012382,-0.00037745,30.82,0.067846,-0.013025,23.317,96,0.40395,0.34892,-0.094837,0.012365,0.062024,1.4028,-0.004794,-0.013645,-0.0024871,0.99995,0.0016365,0.010345,-0.0016878,0.99999,0.0049501,-0.010337,-0.0049673,0.99993,0.99995,0.0016365,0.010345,-0.0016878,0.99999,0.0049501,-0.010337,-0.0049673,0.99993,1.3644,0.65275,31.335
-0.0013742,-0.00030283,30.813,0.045198,0.021134,23.309,97,-0.4569,-0.31431,-0.094893,-0.60109,0.52287,1.4028,0.015825,0.016945,0.027226,0.99991,0.0014191,0.013636,-0.0014706,0.99999,0.0037694,-0.01363,-0.0037891,0.9999,0.99991,0.0014191,0.013636,-0.0014706,0.99999,0.0037694,-0.01363,-0.0037891,0.9999,1.483,0.65282,31.329
-0.0014448,-5.8373e-05,30.806,0.066807,-0.021674,23.295,98,0.34679,0.25247,-0.024382,0.22409,-0.6334,1.4028,-0.0053818,-0.014053,-0.0042023,0.9999,-0.000737,0.014099,0.00070468,1,0.0022977,-0.014101,-0.0022876,0.9999,0.9999,-0.000737,0.014099,0.00070468,1,0.0022977,-0.014101,-0.0022876,0.9999,1.6017,0.65307,31.322
-0.0013103,0.00020401,30.823,0.06396,-0.0046699,23.32,99,0.20204,0.16121,0.043426,2.6908,0.99859,1.4028,0.032986,0.024129,-0.03287,0.99994,-0.0013749,0.010781,0.0014056,0.99999,-0.0028368,-0.010778,0.0028518,0.99994,0.99994,-0.0013749,0.010781,0.0014056,0.99999,-0.0028368,-0.010778,0.0028518,0.99994,1.7206,0.65333,31.339
-0.0013951,1.8153e-06,30.823,0.057947,0.00057908,23.324,100,-0.020791,-0.012682,-0.22159,-4.2931,0.9635,1.4028,-0.13642,-0.031496,0.030367,0.99991,0.003673,0.012907,-0.0036824,0.99999,0.0007036,-0.012904,-0.00075106,0.99992,0.99991,0.003673,0.012907,-0.0036824,0.99999,0.0007036,-0.012904,-0.00075106,0.99992,1.8392,0.65313,31.339
-0.001349,0.00015176,30.827,0.051158,0.0016408,23.329,101,0.086483,-0.18577,0.019997,-0.08117,0.61106,1.4028,0.019698,0.0016684,-0.026138,0.99993,0.0025942,0.011632,-0.0025692,0.99999,-0.0021639,-0.011638,0.0021339,0.99993,0.99993,0.0025942,0.011632,-0.0025692,0.99999,-0.0021639,-0.011638,0.0021339,0.99993,1.958,0.65328,31.342
-0.0011843,0.00020919,30.824,0.060818,0.0029138,23.325,102,-0.070123,-0.0020216,-0.25586,0,0,1.4028,0,0,0,0.99996,0.0041501,0.0073383,-0.0041347,0.99999,-0.00211,-0.0073474,0.0020796,0.99997,0.99996,0.0041501,0.0073383,-0.0041347,0.99999,-0.00211,-0.0073474,0.0020796,0.99997,2.0769,0.65333,31.339
-0.0010378,0.00013765,30.829,0.060235,0.00059961,23.335,103,0.12944,0.037585,0.11545,1.9082,-1.9082,1.4028,0.060583,0.060583,-0.063567,0.99999,0.0027281,0.0024249,-0.0027264,1,-0.00070815,-0.0024272,0.00070153,1,0.99999,0.0027281,0.0024249,-0.0027264,1,-0.00070815,-0.0024272,0.00070153,1,2.1958,0.65326,31.345
-0.00093755,-0.00013823,30.836,0.055732,0.00098301,23.341,104,0,0,-0.077794,0,0,1.4028,0,0,0,1,-0.0011016,0,0.0011016,1,0,0,0,1,1,-0.0011016,0,0.0011016,1,0,0,0,1,2.3147,0.65299,31.352
-0.0015547,-3.3941e-05,30.828,0.061364,0.0028421,23.328,105,0.055997,-0.004711,0.04445,0.90601,0.90601,9.9473,0.028897,-0.028897,-0.046819,0.99994,-0.0093894,0.0048589,0.0093798,0.99995,0.001997,-0.0048767,-0.0019513,0.99999,0.99994,-0.0093894,0.0048589,0.0093798,0.99995,0.001997,-0.0048767,-0.0019513,0.99999,0.47345,0.74211,31.344
-0.00071101,-0.00019615,30.823,0.047472,0.00060586,23.322,106,0.052162,0.12977,0.079288,0,0,9.9473,0,0,0,0.99996,-0.0084983,0.0025824,0.0084957,0.99996,0.0010253,-0.0025905,-0.0010033,1,0.99996,-0.0084983,0.0025824,0.0084957,0.99996,0.0010253,-0.0025905,-0.0010033,1,0.47429,0.68266,31.339
-0.0012599,-0.00031278,30.826,0.055983,0.0037459,23.329,107,0.069876,0.0079707,0.079137,5.8356,5.8356,19.895,-1.5273,1.5273,-0.40254,0.99998,-0.00044366,0.0067671,0.00042158,0.99999,0.0032638,-0.0067686,-0.0032609,0.99997,0.99998,-0.00044366,0.0067671,0.00042158,0.99999,0.0032638,-0.0067686,-0.0032609,0.99997,0.59249,0.71219,31.342
-0.0013162,-0.00023601,30.823,0.067876,-0.0060584,23.326,108,0.11494,0.09608,0.057303,9.4046,0.33365,19.895,-0.34127,-0.26344,0.033872,0.99998,-0.0015315,0.0065091,0.0015146,1,0.0026011,-0.0065129,-0.0025912,0.99998,0.99998,-0.0015315,0.0065091,0.0015146,1,0.0026011,-0.0065129,-0.0025912,0.99998,0.71118,0.71226,31.338
-0.0011672,-0.00026647,30.818,0.062723,-0.0079605,23.304,109,0.016143,0.029827,0.075596,6.5329,-0.4784,19.895,0.32634,-0.099937,-0.17659,0.99999,7.768e-05,0.0047888,-9.7302e-05,0.99999,0.0040973,-0.0047886,-0.0040977,0.99998,0.99999,7.768e-05,0.0047888,-9.7302e-05,0.99999,0.0040973,-0.0047886,-0.0040977,0.99998,0.83008,0.71223,31.334
-0.0012734,-0.0005348,30.82,0.0609,-0.014556,23.321,110,0.15459,-0.021935,0.12411,0.47972,-0.28542,19.895,-0.22645,0.2018,0.22923,0.99998,-0.00053119,0.0067467,0.00049377,0.99998,0.0055467,-0.0067495,-0.0055432,0.99996,0.99998,-0.00053119,0.0067467,0.00049377,0.99998,0.0055467,-0.0067495,-0.0055432,0.99996,0.94873,0.71197,31.335
-0.0011859,-0.00029778,30.824,0.058039,-0.010565,23.315,111,0.2211,0.11386,0.039624,-2.328,0.26863,19.895,-0.25373,0.28018,-0.17474,0.99999,-3.5941e-05,0.0053118,1.3875e-05,0.99999,0.004154,-0.0053119,-0.0041539,0.99998,0.99999,-3.5941e-05,0.0053118,1.3875e-05,0.99999,0.004154,-0.0053119,-0.0041539,0.99998,1.0676,0.7122,31.34
-0.0013482,-0.00010206,30.81,0.054156,-0.021209,23.309,112,0.29442,-0.03058,-0.075354,10.33,-76.788,19.895,-6.4383,0.24128,0.03308,0.99997,-7.7025e-05,0.0076119,5.929e-05,1,0.0023302,-0.007612,-0.0023297,0.99997,0.99997,-7.7025e-05,0.0076119,5.929e-05,1,0.0023302,-0.007612,-0.0023297,0.99997,1.1862,0.7124,31.326
-0.0015426,-0.00018395,30.818,0.065081,-0.015256,23.319,113,0.27653,0.077901,0.036999,9.7592,-1.2355,19.895,-0.04147,0.50967,0.0050714,0.99995,3.055e-05,0.009528,-4.6158e-05,1,0.0016379,-0.009528,-0.0016383,0.99995,0.99995,3.055e-05,0.009528,-4.6158e-05,1,0.0016379,-0.009528,-0.0016383,0.99995,1.3047,0.71232,31.334
-0.0013456,-0.00041361,30.814,0.079125,-0.016238,23.315,114,0.21219,0.2093,0.020616,10.875,-10.193,19.895,-0.53285,-0.3516,0.24058,0.99997,-7.1675e-05,0.0076041,3.1667e-05,0.99999,0.0052614,-0.0076045,-0.005261,0.99996,0.99997,-7.1675e-05,0.0076041,3.1667e-05,0.99999,0.0052614,-0.0076045,-0.005261,0.99996,1.4237,0.71209,31.33
-0.0014663,4.3406e-05,30.812,0.059168,-0.011595,23.31,115,0.13933,0.016132,-0.08341,10.832,8.9458,9.9473,1.1812,-0.79809,0.84601,0.99996,0.00049986,0.0089008,-0.00049143,1,-0.00094987,-0.0089018,0.00094546,0.99996,0.99996,0.00049986,0.0089008,-0.00049143,1,-0.00094987,-0.0089018,0.00094546,0.99996,1.5632,0.73351,31.327
-0.0018565,-0.00067768,30.811,0.062949,-0.0098002,23.303,116,0.26131,0.29998,-0.013276,-7.6267,-22.523,9.9473,-0.93668,1.1318,-0.52926,0.99993,0.00085958,0.011695,-0.00093953,0.99998,0.006833,-0.011689,-0.0068435,0.99991,0.99993,0.00085958,0.011695,-0.00093953,0.99998,0.006833,-0.011689,-0.0068435,0.99991,1.5209,0.69086,31.327
-0.0019975,3.1748e-05,30.818,0.038849,-0.028018,23.314,117,0.41933,0.053441,-0.46375,-7.222,13.69,9.9473,1.1764,0.97007,0.59171,0.99992,-0.0087832,0.0091226,0.0087821,0.99996,0.00015616,-0.0091227,-7.604e-05,0.99996,0.99992,-0.0087832,0.0091226,0.0087821,0.99996,0.00015616,-0.0091227,-7.604e-05,0.99996,1.6395,0.7335,31.334
-0.0012538,0.00014022,30.816,0.066225,0.0019834,23.315,118,0.073925,-0.0618,0.0088705,5.5898,-8.1083,9.9473,0.57711,0.31703,0.43398,0.99997,-0.00094349,0.007639,0.00095565,1,-0.0015875,-0.0076388,0.0015948,0.99997,0.99997,-0.00094349,0.007639,0.00095565,1,-0.0015875,-0.0076388,0.0015948,0.99997,1.6822,0.69168,31.331
-0.0015641,0.00017943,30.813,0.063094,-0.046907,23.311,119,0.1821,0.097607,0.55929,15.304,12.489,9.9473,-0.013707,-0.075086,-0.72311,0.99995,-0.0018447,0.010152,0.0018578,1,-0.001275,-0.010149,0.0012938,0.99995,0.99995,-0.0018447,0.010152,0.0018578,1,-0.001275,-0.010149,0.0012938,0.99995,1.8006,0.73364,31.329
-0.0015354,6.5728e-06,30.818,0.064005,0.0034222,23.304,120,0.048436,-0.057117,-0.11596,-1.8845,-4.2918,9.9473,0.37255,-0.26774,-0.14265,0.99996,0.00029296,0.0093839,-0.00028792,1,-0.00053854,-0.009385,0.00053582,0.99996,0.99996,0.00029296,0.0093839,-0.00028792,1,-0.00053854,-0.009385,0.00053582,0.99996,1.7588,0.69154,31.333
-0.0007827,0.00028582,30.811,0.044777,-0.017853,23.301,121,0.15764,-0.069341,0.078216,1.6605,-1.6605,9.9473,-0.036515,-0.036515,-0.085936,0.99996,0.007109,0.0051122,-0.0070942,0.99997,-0.0029065,-0.0051326,0.0028702,0.99998,0.99996,0.007109,0.0051122,-0.0070942,0.99997,-0.0029065,-0.0051326,0.0028702,0.99998,1.8992,0.74243,31.326
-0.0019822,0.00014676,30.816,0.054535,-1.4459e-05,23.314,122,0.051798,-0.046776,0.037752,3.0118,-2.2448,9.9473,0.094361,0.070368,0.15643,0.99991,0.0084972,0.01006,-0.0084726,0.99996,-0.0024931,-0.010081,0.0024076,0.99995,0.99991,0.0084972,0.01006,-0.0084726,0.99996,-0.0024931,-0.010081,0.0024076,0.99995,1.898,0.683,31.332
-0.0013572,0.00027414,30.821,0.061126,0.0025836,23.319,123,-0.040937,0.052389,-0.082531,-0.12728,2.8329,19.895,0.17174,0.084753,0.30014,0.99997,-0.00044623,0.0078795,0.0004677,1,-0.0027227,-0.0078783,0.0027263,0.99997,0.99997,-0.00044623,0.0078795,0.0004677,1,-0.0027227,-0.0078783,0.0027263,0.99997,2.0174,0.71277,31.336
-0.0012613,0.00016043,30.822,0.056449,-0.003147,23.325,124,-0.029018,-0.06241,0.016852,1.8607,1.1105,19.895,-0.11431,0.13819,-0.033304,0.99999,-0.00043458,0.004452,0.00044278,1,-0.0018407,-0.0044512,0.0018426,0.99999,0.99999,-0.00043458,0.004452,0.00044278,1,-0.0018407,-0.0044512,0.0018426,0.99999,2.1362,0.71266,31.337
-0.0010363,0.00018238,30.819,0.062091,-0.0026175,23.32,125,0.050142,0.019912,0.043175,-1.8289,1.8289,9.9473,-0.052382,-0.052382,-0.095126,1,0.0022061,0.0016761,-0.0022046,1,-0.00093699,-0.0016784,0.00093329,1,1,0.0022061,0.0016761,-0.0022046,1,-0.00093699,-0.0016784,0.00093329,1,2.2256,0.71268,31.335
-0.00098023,-4.2162e-06,30.824,0.055287,0.010177,23.323,126,0.030027,0.020717,0.19982,0,0,9.9473,0,0,0,1,0.0010399,0.0016779,-0.0010389,1,-0.00060364,-0.0016784,0.0006019,1,1,0.0010399,0.0016779,-0.0010389,1,-0.00060364,-0.0016784,0.0006019,1,2.2849,0.7125,31.34
-0.00054478,-0.00023211,30.836,0.057477,-0.00045334,23.341,127,0,0,0.17713,0,0,1.4028,0,0,0,1,-0.0022506,0,0.0022506,1,0,0,0,1,1,-0.0022506,0,0.0022506,1,0,0,0,1,0.29633,0.77164,31.352
