"DISPL:0","DISPL:1","DISPL:2","LINVEL:0","LINVEL:1","LINVEL:2","NUMBER","ANGVEL:0","ANGVEL:1","ANGVEL:2","FORCE:0","FORCE:1","FORCE:2","TORQUE:0","TORQUE:1","TORQUE:2","ORIENT:0","ORIENT:1","ORIENT:2","ORIENT:3","ORIENT:4","ORIENT:5","ORIENT:6","ORIENT:7","ORIENT:8","ORIENT1:0","ORIENT1:1","ORIENT1:2","ORIENT2:0","ORIENT2:1","ORIENT2:2","ORIENT3:0","ORIENT3:1","ORIENT3:2","Points:0","Points:1","Points:2"
-0.00068818,0,0,0.057973,0,0,0,0,0,0,3014.2,0,0,0,0,0,1,0,0,0,1,0,0,0,1,1,0,0,0,1,0,0,0,1,1.3649,1.3656,0.4125
-0.00096896,0.00010472,30.836,0.058554,-0.00032157,23.341,1,0,0,0.014675,0,0,1.4028,0,0,0,1,1.1847e-05,0,-1.1847e-05,1,0,0,0,1,1,1.1847e-05,0,-1.1847e-05,1,0,0,0,1,0.77091,0.29698,31.352
-0.00086177,-2.4987e-05,30.829,0.057752,0.0031696,23.335,2,-0.054464,-0.12674,0.10265,-0.8431,-1.0778,1.4028,0.028494,-0.02105,0.00075976,1,0.0019004,0.00040738,-0.0019007,1,0.00090814,-0.00040601,-0.00090892,1,1,0.0019004,0.00040738,-0.0019007,1,0.00090814,-0.00040601,-0.00090892,1,0.88976,0.29685,31.344
-0.00089452,3.4545e-05,30.829,0.058652,0.0010663,23.335,3,0.092639,-0.025611,-0.031084,0,0,1.4028,0,0,0,0.99998,0.0052839,0.0035781,-0.0052841,0.99999,4.9043e-05,-0.0035778,-6.795e-05,0.99999,0.99998,0.0052839,0.0035781,-0.0052841,0.99999,4.9043e-05,-0.0035778,-6.795e-05,0.99999,1.0085,0.29691,31.345
-0.00083393,0.00011341,30.828,0.056175,0.0029655,23.334,4,0.011033,0.0019004,0.09849,0.28071,0.20575,1.4028,-0.0065065,0.0089239,0.016022,0.99999,0.0038645,-0.00050316,-0.0038655,0.99999,-0.0019706,0.00049524,0.0019725,1,0.99999,0.0038645,-0.00050316,-0.0038655,0.99999,-0.0019706,0.00049524,0.0019725,1,1.1273,0.29699,31.343
-0.0008494,0.00012208,30.83,0.054603,-0.0022848,23.335,5,-0.13813,0.24123,-0.061578,0.17707,-0.023674,1.4028,0.00074858,0.005614,0.00079418,0.99999,0.0032582,0.00076275,-0.0032587,0.99999,0.00068762,-0.00076095,-0.00069011,1,0.99999,0.0032582,0.00076275,-0.0032587,0.99999,0.00068762,-0.00076095,-0.00069011,1,1.246,0.297,31.345
-0.00087257,2.3497e-06,30.83,0.049789,0.0050393,23.334,6,0.42244,-0.099788,0.061103,3.228,-0.012332,1.4028,0.10247,0.00037413,0.00044424,1,0.0018973,0.0003269,-0.0018968,1,-0.0013813,-0.00032964,0.0013807,1,1,0.0018973,0.0003269,-0.0018968,1,-0.0013813,-0.00032964,0.0013807,1,1.3648,0.29688,31.346
-0.00090225,3.7628e-05,30.83,0.065358,0.010668,23.336,7,-0.078269,0.0026389,-0.10733,2.7745,-4.8685,1.4028,0.15415,0.087647,0.1236,0.99999,0.0028911,0.0018467,-0.0028931,1,0.0010343,-0.0018439,-0.0010396,1,0.99999,0.0028911,0.0018467,-0.0028931,1,0.0010343,-0.0018439,-0.0010396,1,1.4835,0.29691,31.345
-0.00087466,0.00014394,30.828,0.062398,0.0079979,23.334,8,-0.18085,0.32632,-0.14497,5.7598,-5.8062,1.4028,-0.11779,-0.11899,-0.10507,0.99998,0.0055195,0.0012268,-0.0055195,0.99998,4.3155e-05,-0.001227,-4.9926e-05,1,0.99998,0.0055195,0.0012268,-0.0055195,0.99998,4.3155e-05,-0.001227,-4.9926e-05,1,1.6022,0.29702,31.343
-0.00074092,-4.8761e-05,30.828,0.075338,-0.0039862,23.335,9,-0.092555,-0.014015,-0.52453,1.7592,-0.76955,1.4028,-0.045175,-0.032146,0.023483,1,-0.0021747,-0.0015561,0.0021772,1,0.0016277,0.0015516,-0.001631,1,1,-0.0021747,-0.0015561,0.0021772,1,0.0016277,0.0015516,-0.001631,1,1.7211,0.29683,31.344
-0.00077661,-0.00011768,30.829,0.050773,-0.002689,23.335,10,-0.24451,0.15848,-0.1533,0,0,1.4028,0,0,0,0.99999,0.0035055,0.0015836,-0.0035072,0.99999,0.0010694,-0.00158,-0.0010749,1,0.99999,0.0035055,0.0015836,-0.0035072,0.99999,0.0010694,-0.00158,-0.0010749,1,1.8398,0.29676,31.345
-0.00092919,-0.00016854,30.836,0.048242,0.0098302,23.341,11,0,0,-0.82181,-0.58098,-0.58098,1.4028,0,0,0.019386,1,0.0018798,0,-0.0018798,1,0,0,0,1,1,0.0018798,0,-0.0018798,1,0,0,0,1,1.9585,0.29671,31.352
-0.00096221,0.00018739,30.829,0.059712,0.00058981,23.331,12,-0.0044006,-0.026477,-0.039706,5.1811,0.96865,19.895,-0.0644,-0.15795,0.11022,1,-5.3641e-05,0.0021421,5.5015e-05,1,-0.00064176,-0.0021421,0.00064187,1,1,-5.3641e-05,0.0021421,5.5015e-05,1,-0.00064176,-0.0021421,0.00064187,1,0.83029,0.35644,31.344
-0.0010559,-2.0793e-06,30.822,0.058225,-0.001415,23.323,13,0.026942,-0.031994,-0.00031023,2.3452,-1.6015,19.895,-0.097485,-0.074049,-0.23331,0.99999,0.0024213,0.0036288,-0.0024211,1,-5.5031e-05,-0.0036291,4.6245e-05,0.99999,0.99999,0.0024213,0.0036288,-0.0024211,1,-5.5031e-05,-0.0036291,4.6245e-05,0.99999,0.94894,0.35625,31.338
-0.0010139,6.6954e-05,30.825,0.059346,0.0037077,23.326,14,-0.05706,0.067333,0.0042349,1.7988,1.2478,19.895,0.29437,0.026493,-0.022425,0.99999,0.0016812,0.0029005,-0.001678,1,-0.0010863,-0.0029025,0.0010815,1,0.99999,0.0016812,0.0029005,-0.001678,1,-0.0010863,-0.0029025,0.0010815,1,1.0677,0.35632,31.341
-0.0010575,0.00020805,30.829,0.05993,0.00018582,23.327,15,-0.065035,0.0045104,0.047709,9.5405,-5.4358,19.895,-0.16724,-0.20902,0.058622,0.99999,0.0023327,0.0035143,-0.0023252,1,-0.0021214,-0.0035194,0.0021132,0.99999,0.99999,0.0023327,0.0035143,-0.0023252,1,-0.0021214,-0.0035194,0.0021132,0.99999,1.1864,0.35646,31.345
-0.0011191,0.00012939,30.816,0.054583,-0.0016631,23.317,16,0.02988,0.00649,-0.054526,1.9305,0,9.9473,0,-0.19889,-0.09305,0.99999,0.0021394,0.0039219,-0.0021399,1,0.00010984,-0.003922,-0.00011823,0.99999,0.99999,0.0021394,0.0039219,-0.0021399,1,0.00010984,-0.003922,-0.00011823,0.99999,1.2755,0.35638,31.332
-0.0010621,0.0001172,30.824,0.049194,-0.0016159,23.328,17,-0.11625,-0.14383,0.15694,14.331,0.32892,9.9473,-0.25068,-0.8132,-0.20011,0.99999,0.0024094,0.003468,-0.0024008,0.99999,-0.0024769,-0.0034739,0.0024686,0.99999,0.99999,0.0024094,0.003468,-0.0024008,0.99999,-0.0024769,-0.0034739,0.0024686,0.99999,1.3348,0.35637,31.34
-0.0010271,8.9319e-05,30.832,0.056543,0.0082267,23.338,18,-0.14316,0.11425,0.10179,0.58048,-5.6043,19.895,-0.30288,0.21288,-0.24557,0.99999,0.001883,0.0032974,-0.0018812,1,-0.00052058,-0.0032986,0.00051437,0.99999,0.99999,0.001883,0.0032974,-0.0018812,1,-0.00052058,-0.0032986,0.00051437,0.99999,1.424,0.35634,31.348
-0.0010278,0.00013119,30.831,0.055345,0.0077111,23.333,19,-0.15066,0.068551,-0.054116,-0.36006,0.89473,19.895,0.5927,0.36802,0.54809,0.99999,0.0017811,0.003586,-0.0017751,1,-0.0016905,-0.0035892,0.0016841,0.99999,0.99999,0.0017811,0.003586,-0.0017751,1,-0.0016905,-0.0035892,0.0016841,0.99999,1.5427,0.35638,31.347
-0.0010058,0.00033227,30.83,0.06468,0.009203,23.329,20,-0.06378,0.038009,0.11987,7.4321,-8.5087,19.895,0.3098,0.29377,-0.04293,0.99999,0.0016503,0.0034753,-0.0016384,0.99999,-0.0034092,-0.0034809,0.0034034,0.99999,0.99999,0.0016503,0.0034753,-0.0016384,0.99999,-0.0034092,-0.0034809,0.0034034,0.99999,1.6615,0.35658,31.346
-0.0018161,0.00072822,30.828,0.047551,-0.019044,23.323,21,-0.079228,-0.083446,-0.76224,0,1.1418,9.9473,-0.11753,0,-0.032386,0.99993,0.0012805,0.011907,-0.0012133,0.99998,-0.0056472,-0.011914,0.0056324,0.99991,0.99993,0.0012805,0.011907,-0.0012133,0.99998,-0.0056472,-0.011914,0.0056324,0.99991,1.7585,0.37794,31.344
-0.00090658,-0.00027219,30.828,0.061084,-0.0032383,23.327,22,0.022672,0.15228,0.19662,0,0,9.9473,0,0,0,0.99999,0.0013159,0.0029009,-0.0013196,1,0.0012862,-0.0028991,-0.00129,0.99999,0.99999,0.0013159,0.0029009,-0.0013196,1,0.0012862,-0.0028991,-0.00129,0.99999,1.8013,0.33501,31.343
-0.0010527,-0.00025027,30.828,0.073656,0.0041805,23.326,23,-0.068406,0.023934,0.34463,1.2798,23.629,9.9473,-2.2147,0.072714,-1.4076,0.99998,0.0011431,0.0056505,-0.0011565,1,0.0023725,-0.0056472,-0.002379,0.99998,0.99998,0.0011431,0.0056505,-0.0011565,1,0.0023725,-0.0056472,-0.002379,0.99998,1.8989,0.38565,31.343
-0.00095112,-0.00026705,30.828,0.067431,0.015313,23.331,24,-0.039843,0.043384,0.09005,-7.3897,-17.722,9.9473,2.9774,1.1516,1.0243,0.99999,0.0011185,0.0035183,-0.0011262,1,0.0022009,-0.0035154,-0.0022049,0.99999,0.99999,0.0011185,0.0035183,-0.0011262,1,0.0022009,-0.0035154,-0.0022049,0.99999,1.899,0.32634,31.344
-0.00096911,0.00010964,30.836,0.061328,0.0093364,23.341,25,0,0,0.32613,3.0538,-0.20426,1.4028,0,0,0.053549,1,0.00014968,0,-0.00014968,1,0,0,0,1,1,0.00014968,0,-0.00014968,1,0,0,0,1,0.65216,0.41573,31.352
-0.0008525,0.00010903,30.83,0.05745,0.0079245,23.335,26,0.058944,0.23927,0.058479,-0.038096,-0.10737,1.4028,-0.0012234,0.0031659,0.0043343,0.99999,0.0043211,0.0016388,-0.0043213,0.99999,8.1379e-05,-0.0016385,-8.846e-05,1,0.99999,0.0043211,0.0016388,-0.0043213,0.99999,8.1379e-05,-0.0016385,-8.846e-05,1,0.77102,0.41573,31.345
-0.0012411,-5.4347e-05,30.823,0.061601,0.0017672,23.321,27,0.096571,0.13056,-0.12423,2.1692,0.94292,1.4028,0.0061169,-0.045067,-0.0057694,0.99997,0.001014,0.0081095,-0.001014,1,1.8188e-07,-0.0081097,-8.4052e-06,0.99997,0.99997,0.001014,0.0081095,-0.001014,1,1.8188e-07,-0.0081097,-8.4052e-06,0.99997,0.88938,0.41557,31.339
-0.0011938,2.7838e-05,30.826,0.063175,-0.0015405,23.328,28,0.027361,0.16047,0.027555,0.28682,-0.020346,1.4028,-0.0034178,-0.0057445,-0.0001263,0.99998,0.002485,0.006596,-0.0024905,1,0.00082169,-0.0065944,-0.0008381,0.99998,0.99998,0.002485,0.006596,-0.0024905,1,0.00082169,-0.0065944,-0.0008381,0.99998,1.0082,0.41565,31.341
-0.0012421,9.0952e-05,30.819,0.054181,-0.0040179,23.317,29,0.18077,-0.17455,-0.12777,-0.21699,0.071197,1.4028,-0.0025195,-0.0030762,0.0047638,0.99996,0.0034638,0.0080903,-0.0034518,0.99999,-0.0015017,-0.0080951,0.0014737,0.99997,0.99996,0.0034638,0.0080903,-0.0034518,0.99999,-0.0015017,-0.0080951,0.0014737,0.99997,1.1269,0.41572,31.335
-0.0012132,0.00022155,30.822,0.047192,-0.011464,23.322,30,0.11734,-0.15645,0.033825,-0.29676,-0.85459,1.4028,-0.01691,0.011495,-0.027622,0.99997,-0.00046721,0.0076277,0.00049429,0.99999,-0.0035485,-0.0076265,0.0035522,0.99996,0.99997,-0.00046721,0.0076277,0.00049429,0.99999,-0.0035485,-0.0076265,0.0035522,0.99996,1.2457,0.41585,31.338
-0.0012695,8.2308e-05,30.824,0.057999,0.013339,23.326,31,-0.28606,-0.088653,-0.43031,-0.74982,-0.20329,1.4028,-0.0064589,0.023196,0.013895,0.99995,0.003077,0.0090076,-0.0030699,0.99999,-0.00080349,-0.0090113,0.0007758,0.99996,0.99995,0.003077,0.0090076,-0.0030699,0.99999,-0.00080349,-0.0090113,0.0007758,0.99996,1.3644,0.41571,31.34
-0.0012276,9.8695e-05,30.826,0.061762,0.02301,23.326,32,0.025387,-0.089207,-0.11824,0,0,1.4028,0,0,0,0.99997,0.0025498,0.007898,-0.0025453,1,-0.00057719,-0.0078997,0.00055706,0.99997,0.99997,0.0025498,0.007898,-0.0025453,1,-0.00057719,-0.0078997,0.00055706,0.99997,1.4832,0.41572,31.341
-0.0011934,0.00025752,30.824,0.060106,0.0098223,23.325,33,-0.23885,0.015682,-0.11362,3.4233,-2.1757,1.4028,0.074097,0.033366,-0.016009,0.99996,0.0044256,0.0079712,-0.0044022,0.99999,-0.0029407,-0.0079842,0.0029055,0.99996,0.99996,0.0044256,0.0079712,-0.0044022,0.99999,-0.0029407,-0.0079842,0.0029055,0.99996,1.6019,0.41588,31.34
-0.0012366,3.6141e-05,30.826,0.06861,0.00012692,23.324,34,0.14877,0.24491,-0.34097,0.61707,2.5145,1.4028,0.08043,-0.018902,-0.16126,0.99997,-0.0012381,0.0079141,0.0012352,1,0.00037642,-0.0079151,-0.00036663,0.99997,0.99997,-0.0012381,0.0079141,0.0012352,1,0.00037642,-0.0079151,-0.00036663,0.99997,1.7206,0.41566,31.342
-0.0012924,-0.00024042,30.826,0.065393,-0.00034366,23.323,35,-0.065312,0.13311,-0.17095,0.16507,-0.015261,1.4028,-0.00058106,-0.0051387,0.017483,0.99991,0.0055594,0.012115,-0.0055722,0.99998,0.0010272,-0.012111,-0.0010946,0.99993,0.99991,0.0055594,0.012115,-0.0055722,0.99998,0.0010272,-0.012111,-0.0010946,0.99993,1.8393,0.41538,31.341
-0.00093919,-2.8658e-05,30.829,0.049916,-0.00081416,23.335,36,-0.18861,0.30962,-0.16968,0.30973,-0.16312,1.4028,0.0052511,0.010629,0.0077851,0.99997,0.0064065,0.0032072,-0.0064077,0.99998,0.00034823,-0.0032057,-0.00036877,0.99999,0.99997,0.0064065,0.0032072,-0.0064077,0.99998,0.00034823,-0.0032057,-0.00036877,0.99999,1.9584,0.4156,31.344
-0.00090587,-0.0002067,30.836,0.064379,-0.0069181,23.341,37,0,0,-0.40309,0.62476,0.29778,1.4028,0,0,0.0050342,0.99999,-0.0049715,0,0.0049715,0.99999,0,0,0,1,0.99999,-0.0049715,0,0.0049715,0.99999,0,0,0,1,2.0772,0.41542,31.352
-0.00097094,0.00020178,30.829,0.056551,0.011712,23.331,38,-0.0277,0.090113,-0.11621,6.5911,3.3809,19.895,0.21067,-0.10908,-0.61573,0.99999,0.00070781,0.0032099,-0.0007033,1,-0.0014038,-0.003211,0.0014015,0.99999,0.99999,0.00070781,0.0032099,-0.0007033,1,-0.0014038,-0.003211,0.0014015,0.99999,0.71153,0.4752,31.345
-0.001194,-3.2024e-05,30.83,0.055985,0.0023369,23.331,39,-0.044931,0.060052,0.071609,0.62495,-0.58673,19.895,-0.11797,-0.12165,0.052453,0.99998,9.715e-06,0.0056133,-1.0662e-05,1,0.0001686,-0.0056134,-0.00016866,0.99998,0.99998,9.715e-06,0.0056133,-1.0662e-05,1,0.0001686,-0.0056134,-0.00016866,0.99998,0.83006,0.47497,31.345
-0.0013751,-3.1799e-06,30.822,0.057052,0.0046716,23.321,40,-0.058375,-0.010059,0.023704,6.1095,4.6782,19.895,-0.15359,-0.10591,-0.14885,0.99997,-0.00033701,0.0080752,0.00033718,1,-1.8874e-05,-0.0080753,2.1596e-05,0.99997,0.99997,-0.00033701,0.0080752,0.00033718,1,-1.8874e-05,-0.0080753,2.1596e-05,0.99997,0.94862,0.475,31.338
-0.0013927,0.00011357,30.825,0.050214,0.010059,23.323,41,-0.01348,-0.12734,0.046443,1.8957,-1.8466,9.9473,-0.058007,-0.39024,-0.059571,0.99997,-0.0018561,0.0075301,0.0018658,1,-0.0012857,-0.0075279,0.0012997,0.99997,0.99997,-0.0018561,0.0075301,0.0018658,1,-0.0012857,-0.0075279,0.0012997,0.99997,1.0883,0.49608,31.341
-0.0013515,-0.00015727,30.826,0.061516,-0.0065693,23.329,42,-0.013957,0.0091851,-0.098954,0.45969,0,9.9473,0,-0.047372,0.012462,0.99999,0.00019749,0.0051668,-0.00019982,1,0.00044872,-0.005167,-0.00044974,0.99999,0.99999,0.00019749,0.0051668,-0.00019982,1,0.00044872,-0.005167,-0.00044974,0.99999,1.0464,0.45388,31.342
-0.0013598,0.00021885,30.818,0.044725,0.0019338,23.317,43,-0.014047,-0.099572,-0.11841,6.547,0.070901,19.895,0.0096819,-0.21406,0.027975,0.99997,-9.3037e-05,0.0070817,0.00011524,1,-0.0031351,-0.0070814,0.0031359,0.99997,0.99997,-9.3037e-05,0.0070817,0.00011524,1,-0.0031351,-0.0070814,0.0031359,0.99997,1.1861,0.47522,31.334
-0.0013862,0.00010759,30.814,0.058199,0.0086021,23.314,44,-0.097481,-0.088601,0.058292,5.6146,-1.7483,19.895,-0.053044,0.27346,-0.31232,0.99997,-0.00065644,0.0076798,0.00067117,1,-0.0019152,-0.0076784,0.0019203,0.99997,0.99997,-0.00065644,0.0076798,0.00067117,1,-0.0019152,-0.0076784,0.0019203,0.99997,1.3049,0.47511,31.33
-0.001411,9.1235e-05,30.824,0.056079,0.00080115,23.326,45,-0.13521,-0.0652,0.13538,3.7401,-0.62831,9.9473,-0.01967,-0.11887,0.032694,0.99997,-0.0021589,0.0071306,0.0021735,1,-0.0020364,-0.0071266,0.0020518,0.99997,0.99997,-0.0021589,0.0071306,0.0021735,1,-0.0020364,-0.0071266,0.0020518,0.99997,1.3939,0.47509,31.339
-0.0012211,0.0001383,30.819,0.059192,0.010095,23.319,46,-0.14031,0.066588,-0.13295,3.021,-0.50269,9.9473,0.015966,0.095482,0.11838,0.99998,-0.0029799,0.0060873,0.0029838,1,-0.00063068,-0.0060856,0.00064882,0.99998,0.99998,-0.0029799,0.0060873,0.0029838,1,-0.00063068,-0.0060856,0.00064882,0.99998,1.4534,0.47514,31.335
-0.0013322,0.00012042,30.814,0.055239,0.0065219,23.313,47,-0.09671,-0.050279,0.085663,13.853,-6.6897,19.895,-0.21081,0.25918,0.29514,0.99997,-0.0005209,0.0072192,0.00053624,1,-0.0021233,-0.0072182,0.0021271,0.99997,0.99997,-0.0005209,0.0072192,0.00053624,1,-0.0021233,-0.0072182,0.0021271,0.99997,1.5424,0.47512,31.33
-0.0014974,0.0003783,30.826,0.049784,-0.0065358,23.325,48,-0.017267,-0.10234,-0.048099,0.24914,0.42338,9.9473,0.09573,-0.10902,-0.017861,0.99997,0.0025541,0.0078724,-0.0025229,0.99999,-0.0039775,-0.0078818,0.0039575,0.99996,0.99997,0.0025541,0.0078724,-0.0025229,0.99999,-0.0039775,-0.0078818,0.0039575,0.99996,1.6314,0.47538,31.341
-0.0010743,1.9456e-05,30.818,0.050235,-0.016347,23.308,49,0.18327,0.027134,0.22737,-0.057617,0,9.9473,0,0.005954,-0.0027675,0.99997,-0.0043537,0.0069713,0.0043561,0.99999,-0.00032183,-0.0069698,0.00035219,0.99998,0.99997,-0.0043537,0.0069713,0.0043561,0.99999,-0.00032183,-0.0069698,0.00035219,0.99998,1.6911,0.47502,31.334
-0.0015498,-0.00021788,30.822,0.064372,-0.009832,23.321,50,0.11721,0.0010267,0.069877,4.6908,2.019,19.895,0.17904,-0.033959,-0.29183,0.99995,-0.00091157,0.0094675,0.00089183,1,0.0020898,-0.0094693,-0.0020812,0.99995,0.99995,-0.00091157,0.0094675,0.00089183,1,0.0020898,-0.0094693,-0.0020812,0.99995,1.7797,0.47478,31.338
-0.0013251,5.8507e-06,30.817,0.075373,0.0052336,23.316,51,0.14323,0.02487,-0.062787,8.3232,-0.098225,19.895,-0.053119,0.16578,-0.064471,0.99998,0.00081327,0.006884,-0.00081361,1,4.7892e-05,-0.0068839,-5.3491e-05,0.99998,0.99998,0.00081327,0.006884,-0.00081361,1,4.7892e-05,-0.0068839,-5.3491e-05,0.99998,1.8987,0.47501,31.333
-0.0010189,1.5456e-05,30.827,0.054264,-0.00035602,23.327,52,0.089634,0.060358,-0.0033978,0.065954,-2.9355,19.895,0.0094386,-0.093261,0.00061701,1,0.00096914,0.0022431,-0.00096855,1,-0.00026437,-0.0022435,0.00026219,1,1,0.00096914,0.0022431,-0.00096855,1,-0.00026437,-0.0022435,0.00026219,1,2.0177,0.47502,31.343
-0.00096747,0.00010501,30.836,0.056844,-0.0020162,23.341,53,0,0,0.00013296,0,0,1.4028,0,0,0,1,9.7732e-07,0,-9.7732e-07,1,0,0,0,1,1,9.7732e-07,0,-9.7732e-07,1,0,0,0,1,0.53341,0.53448,31.352
-0.0010375,4.9801e-05,30.831,0.063987,0.012149,23.336,54,-0.047662,0.15263,0.10737,0.34497,0.26159,1.4028,0.011161,-0.0097027,0.0070651,0.99995,0.0096752,0.0028806,-0.0096738,0.99995,-0.00047123,-0.0028854,0.00044334,1,0.99995,0.0096752,0.0028806,-0.0096738,0.99995,-0.00047123,-0.0028854,0.00044334,1,0.65209,0.53442,31.346
-0.001214,0.00010258,30.825,0.059093,0.0025931,23.327,55,-0.2451,0.14045,0.0017958,-0.037086,-0.037086,1.4028,-0.0011712,0.0011712,-0.001247,0.99997,0.0011007,0.0074297,-0.0010945,1,-0.00084246,-0.0074304,0.00083431,0.99997,0.99997,0.0011007,0.0074297,-0.0010945,1,-0.00084246,-0.0074304,0.00083431,0.99997,0.77066,0.53448,31.341
-0.0013719,-8.4575e-05,30.829,0.051631,0.0034935,23.332,56,0.084261,-0.16869,-0.14167,0.234,0.36643,1.4028,0.011577,-0.0085081,-0.012886,0.99992,0.0033725,0.012126,-0.0033894,0.99999,0.0013726,-0.012121,-0.0014136,0.99993,0.99992,0.0033725,0.012126,-0.0033894,0.99999,0.0013726,-0.012121,-0.0014136,0.99993,0.88925,0.53429,31.345
-0.0013014,0.00010003,30.824,0.052435,0.0054125,23.326,57,-0.020975,-0.22313,-0.13909,0.50181,0.24505,1.4028,0.0077557,-0.015948,0.0037942,0.99994,0.004412,0.010172,-0.0044056,0.99999,-0.00065445,-0.010174,0.0006096,0.99995,0.99994,0.004412,0.010172,-0.0044056,0.99999,-0.00065445,-0.010174,0.0006096,0.99995,1.0081,0.53448,31.34
-0.0012525,3.386e-05,30.815,0.056492,0.0071113,23.314,58,-0.16739,-0.05053,-0.40375,0.46184,0.030247,1.4028,-0.0074901,-0.005408,-0.0021979,0.99997,0.00085969,0.0082784,-0.00085456,1,-0.00062281,-0.0082796,0.00061572,0.99997,0.99997,0.00085969,0.0082784,-0.00085456,1,-0.00062281,-0.0082796,0.00061572,0.99997,1.1269,0.53441,31.331
-0.001311,0.00011305,30.818,0.05554,0.0073486,23.315,59,-0.12673,-0.15163,-0.055009,0.62394,0.52266,1.4028,0.016737,-0.021094,-0.023434,0.99994,0.00029808,0.010599,-0.0002951,1,-0.00028307,-0.0106,0.00027993,0.99994,0.99994,0.00029808,0.010599,-0.0002951,1,-0.00028307,-0.0106,0.00027993,0.99994,1.2456,0.53449,31.333
-0.0013269,6.7356e-05,30.822,0.05197,0.0076532,23.323,60,-0.29966,-0.13713,-0.1846,0.19329,-0.15111,1.4028,-0.0072099,-0.0020531,0.0084461,0.99994,0.0022833,0.010649,-0.0022756,1,-0.00073595,-0.010651,0.00071168,0.99994,0.99994,0.0022833,0.010649,-0.0022756,1,-0.00073595,-0.010651,0.00071168,0.99994,1.3643,0.53444,31.338
-0.0012279,-4.8139e-05,30.818,0.056684,-0.0010102,23.319,61,-0.15617,-0.024458,-0.20673,-1.6554,-0.65004,1.4028,-0.052567,0.020819,0.021309,0.99996,0.0044875,0.0075997,-0.004494,0.99999,0.0008462,-0.0075963,-0.00088032,0.99997,0.99996,0.0044875,0.0075997,-0.004494,0.99999,0.0008462,-0.0075963,-0.00088032,0.99997,1.4832,0.53433,31.334
-0.0013111,1.0257e-05,30.821,0.05339,0.0014198,23.322,62,-0.038937,-0.13252,-0.29287,-0.16551,0.59836,1.4028,-0.0097674,-0.011175,-0.00047513,0.99995,0.0015723,0.010044,-0.0015671,1,-0.00053088,-0.010045,0.00051512,0.99995,0.99995,0.0015723,0.010044,-0.0015671,1,-0.00053088,-0.010045,0.00051512,0.99995,1.6018,0.53439,31.337
-0.0012913,-0.00032637,30.822,0.057371,-0.0042076,23.319,63,0.10655,0.14737,0.10859,1.584,0.77264,1.4028,0.072152,-0.082419,-0.060169,0.99993,-0.0010441,0.011781,0.00099554,0.99999,0.0041277,-0.011785,-0.0041156,0.99992,0.99993,-0.0010441,0.011781,0.00099554,0.99999,0.0041277,-0.011785,-0.0041156,0.99992,1.7206,0.53405,31.338
-0.0013144,-0.00013486,30.819,0.056645,0.012168,23.316,64,-0.021083,-0.02197,0.55941,-0.23502,0.052516,1.4028,0.001712,0.0089885,0.050753,0.99994,0.0019758,0.01044,-0.0019973,1,0.0020457,-0.010437,-0.0020665,0.99994,0.99994,0.0019758,0.01044,-0.0019973,1,0.0020457,-0.010437,-0.0020665,0.99994,1.8393,0.53424,31.335
-0.0011949,4.9047e-05,30.82,0.058887,-0.0056352,23.312,65,0.24685,-0.032575,0.31845,1.081,1.2136,1.4028,0.021917,-0.012752,0.009693,0.99998,0.00071376,0.0065903,-0.00071228,1,-0.0002264,-0.0065911,0.0002217,0.99998,0.99998,0.00071376,0.0065903,-0.00071228,1,-0.0002264,-0.0065911,0.0002217,0.99998,1.9582,0.53442,31.335
-0.00097014,4.1582e-05,30.829,0.050712,-0.0044735,23.327,66,-0.20084,0.070825,0.18694,0.25798,0.39132,1.4028,-0.012649,0.008519,0.0010573,1,0.0022182,0.001393,-0.0022168,1,-0.00099336,-0.0013955,0.00099027,1,1,0.0022182,0.001393,-0.0022168,1,-0.00099336,-0.0013955,0.00099027,1,2.0771,0.53442,31.344
-0.00090494,-0.00020769,30.836,0.05608,0.0022638,23.341,67,0,0,-0.12452,0.47049,0.32409,1.4028,0,0,-0.002163,0.99999,0.0050268,0,-0.0050268,0.99999,0,0,0,1,0.99999,0.0050268,0,-0.0050268,0.99999,0,0,0,1,2.196,0.53417,31.352
-0.0011024,0.00032162,30.826,0.054243,-0.00099477,23.325,68,0.0094464,-0.03008,-0.033551,2.3004,3.6661,9.9473,0.16538,-0.02471,-0.069767,0.99999,0.0025839,0.0034845,-0.0025711,0.99999,-0.0036478,-0.0034936,0.0036388,0.99999,0.99999,0.0025839,0.0034845,-0.0025711,0.99999,-0.0036478,-0.0034936,0.0036388,0.99999,0.57168,0.61504,31.342
-0.0010552,-0.0001935,30.829,0.055917,0.011067,23.334,69,-0.089901,-0.04289,-0.0043773,6.0988,-3.7436,9.9473,0.082332,0.045069,0.10699,0.99999,0.0025821,0.0023541,-0.0025837,1,0.00067099,-0.0023528,-0.00067707,1,0.99999,0.0025821,0.0023541,-0.0025837,1,0.00067099,-0.0023528,-0.00067707,1,0.61366,0.57259,31.344
-0.0012686,0.0001927,30.825,0.064994,0.0079776,23.328,70,-0.097474,0.058209,-0.043322,11.331,-15.793,19.895,0.24545,-0.39401,-0.62927,0.99998,0.00055469,0.0069117,-0.0005411,1,-0.0019682,-0.0069129,0.0019644,0.99997,0.99998,0.00055469,0.0069117,-0.0005411,1,-0.0019682,-0.0069129,0.0019644,0.99997,0.71123,0.59394,31.341
-0.0016257,0.00058518,30.82,0.059445,-0.0013604,23.321,71,-0.11987,0.061374,-0.055657,-4.4215,-4.1165,9.9473,0.72395,0.45553,0.015376,0.99994,0.002595,0.010289,-0.0025481,0.99999,-0.004567,-0.010301,0.0045406,0.99994,0.99994,0.002595,0.010289,-0.0025481,0.99999,-0.004567,-0.010301,0.0045406,0.99994,0.80866,0.6153,31.335
-0.0012852,-0.00028526,30.824,0.066575,-0.007358,23.327,72,-0.037557,0.04337,-0.15116,-2.9037,0.54192,9.9473,0.05679,0.30023,-0.14683,0.99997,-0.00092047,0.0079391,0.00089999,1,0.0025837,-0.0079423,-0.0025764,0.99997,0.99997,-0.00092047,0.0079391,0.00089999,1,0.0025837,-0.0079423,-0.0025764,0.99997,0.85093,0.5725,31.34
-0.0013678,0.0002315,30.811,0.057411,-0.015758,23.31,73,0.0087561,0.034655,0.37325,1.4372,-0.21018,9.9473,0.029745,-0.0089453,0.0082417,0.99995,-0.004595,0.0092411,0.0045962,0.99999,-0.00011118,-0.0092397,0.00015365,0.99996,0.99995,-0.004595,0.0092411,0.0045962,0.99999,-0.00011118,-0.0092397,0.00015365,0.99996,0.9696,0.61495,31.327
-0.0016828,-1.4925e-05,30.82,0.049286,-0.0074371,23.321,74,0.037855,-0.062913,-0.05926,2.0266,-2.0266,9.9473,-0.029893,-0.029893,0.085554,0.99995,0.002286,0.010117,-0.0022807,1,-0.00053518,-0.010119,0.00051207,0.99995,0.99995,0.002286,0.010117,-0.0022807,1,-0.00053518,-0.010119,0.00051207,0.99995,0.92735,0.57277,31.335
-0.0014316,0.00011884,30.821,0.061195,0.011373,23.322,75,-0.08424,0.0081781,0.045156,5.6113,0.56633,19.895,0.27994,0.067087,0.10151,0.99997,-0.0012445,0.0078511,0.0012484,1,-0.00050162,-0.0078505,0.00051141,0.99997,0.99997,-0.0012445,0.0078511,0.0012484,1,-0.00050162,-0.0078505,0.00051141,0.99997,1.0673,0.59387,31.336
-0.0013081,8.7166e-05,30.814,0.052677,0.014692,23.311,76,0.068322,-0.034414,-0.028051,0.34591,-0.34591,19.895,-0.010879,-0.010879,-0.028139,0.99997,-2.5856e-06,0.0070886,5.8305e-06,1,-0.00045772,-0.0070886,0.00045775,0.99997,0.99997,-2.5856e-06,0.0070886,5.8305e-06,1,-0.00045772,-0.0070886,0.00045775,0.99997,1.1862,0.59384,31.33
-0.0015573,0.00028005,30.816,0.047291,0.008762,23.318,77,-0.14005,-0.074584,-0.28373,0.91652,-11.208,9.9473,1.1544,-0.094449,0.28803,0.99998,-0.00090313,0.0069721,0.00091608,1,-0.0018543,-0.0069705,0.0018606,0.99997,0.99998,-0.00090313,0.0069721,0.00091608,1,-0.0018543,-0.0069705,0.0018606,0.99997,1.2837,0.61499,31.332
-0.0014854,1.0614e-06,30.795,0.056665,0.0043379,23.285,78,-0.094731,-0.0041984,0.049639,-4.0526,-3.5144,9.9473,-0.11571,0.12821,0.19359,0.99996,-0.0006769,0.0091462,0.00067037,1,0.00071672,-0.0091466,-0.00071056,0.99996,0.99996,-0.0006769,0.0091462,0.00067037,1,0.00071672,-0.0091466,-0.00071056,0.99996,1.3257,0.57279,31.311
-0.0014876,-7.7082e-06,30.814,0.056609,-0.00038484,23.311,79,-0.065611,0.024608,0.069936,5.6793,-2.3012,19.895,-0.20092,0.15287,-0.037715,0.99996,-0.0011316,0.008449,0.0011351,1,-0.00040415,-0.0084485,0.00041373,0.99996,0.99996,-0.0011316,0.008449,0.0011351,1,-0.00040415,-0.0084485,0.00041373,0.99996,1.4235,0.59374,31.33
-0.001386,-0.00016544,30.811,0.060666,0.0060145,23.31,80,0.10911,0.014299,-0.030804,8.7012,1.4651,19.895,-0.073069,0.0024324,-0.064803,0.99997,0.00025359,0.0078661,-0.0002664,1,0.0016273,-0.0078657,-0.0016294,0.99997,0.99997,0.00025359,0.0078661,-0.0002664,1,0.0016273,-0.0078657,-0.0016294,0.99997,1.5424,0.59358,31.327
-0.0014619,-0.00010602,30.819,0.064929,-0.0030896,23.317,81,0.1192,0.13074,-0.21486,2.676,2.676,19.895,0.085581,-0.085581,-0.21658,0.99996,-0.0001832,0.0084174,0.00016663,1,0.0019686,-0.0084177,-0.0019672,0.99996,0.99996,-0.0001832,0.0084174,0.00016663,1,0.0019686,-0.0084177,-0.0019672,0.99996,1.661,0.59364,31.335
-0.0012947,-0.00037893,30.82,0.057288,-0.007291,23.32,82,0.12771,0.067343,-0.0065059,-3.8586,-5.1588,19.895,-0.88928,0.84863,-0.28876,0.99997,0.00024541,0.007286,-0.00027379,0.99999,0.0038938,-0.007285,-0.0038957,0.99997,0.99997,0.00024541,0.007286,-0.00027379,0.99999,0.0038938,-0.007285,-0.0038957,0.99997,1.78,0.59337,31.335
-0.0012925,-7.3647e-05,30.82,0.059867,-0.0035799,23.322,83,0.061097,-0.075195,-0.19703,17.46,-0.29975,19.895,0.81765,0.75487,0.5313,0.99998,0.00077179,0.0069596,-0.00077745,1,0.00080933,-0.0069591,-0.00081472,0.99998,0.99998,0.00077179,0.0069596,-0.00077745,1,0.00080933,-0.0069591,-0.00081472,0.99998,1.8987,0.59368,31.336
-0.0011221,4.3685e-05,30.814,0.05716,-0.0033342,23.31,84,0.010278,-0.083887,-0.0047915,5.8615,11.454,19.895,-0.10964,-0.32642,-0.50975,0.99999,0.00055218,0.0054354,-0.0005501,1,-0.00038317,-0.0054357,0.00038018,0.99999,0.99999,0.00055218,0.0054354,-0.0005501,1,-0.00038317,-0.0054357,0.00038018,0.99999,2.0176,0.59379,31.33
-0.0017383,0.00010274,30.819,0.055365,0.0026964,23.316,85,-0.074993,0.025208,-0.083054,2.6705,2.1333,9.9473,-0.14175,0.011942,0.085609,0.99995,-0.0075625,0.0071426,0.007559,0.99997,0.00053002,-0.0071453,-0.000476,0.99997,0.99995,-0.0075625,0.0071426,0.007559,0.99997,0.00053002,-0.0071453,-0.000476,0.99997,2.1358,0.6235,31.334
-0.00058301,-0.00021693,30.825,0.042145,0.01061,23.322,86,-0.049305,-0.0014915,0.24452,1.8691,8.0487,9.9473,-0.2414,-0.012054,0.079834,0.99994,-0.010621,0.002778,0.010619,0.99994,0.00056964,-0.0027846,-0.00054011,1,0.99994,-0.010621,0.002778,0.010619,0.99994,0.00056964,-0.0027846,-0.00054011,1,2.1369,0.56389,31.341
-0.00096455,0.00011184,30.836,0.057747,-0.0014345,23.341,87,0,0,-0.015681,0,0,1.4028,0,0,0,1,-0.00012614,0,0.00012614,1,0,0,0,1,1,-0.00012614,0,0.00012614,1,0,0,0,1,0.41466,0.65324,31.352
-0.00096241,4.1398e-05,30.827,0.055831,0.0077393,23.326,88,-0.049469,0.34256,-0.038824,-2.9833,-2.9833,1.4028,-0.094569,0.094569,-0.099642,0.99998,0.0054406,0.0010915,-0.0054405,0.99999,-0.00011162,-0.0010921,0.00010568,1,0.99998,0.0054406,0.0010915,-0.0054405,0.99999,-0.00011162,-0.0010921,0.00010568,1,0.53341,0.65317,31.342
-0.0014242,0.00014412,30.822,0.0644,0.011755,23.322,89,-0.10587,0.15573,-0.15642,0.30167,0.54229,1.4028,-0.009739,0.01733,0.017893,0.99989,0.0045749,0.013777,-0.004525,0.99998,-0.0036534,-0.013793,0.0035907,0.9999,0.99989,0.0045749,0.013777,-0.004525,0.99998,-0.0036534,-0.013793,0.0035907,0.9999,0.6517,0.65327,31.338
-0.0013503,0.00021307,30.823,0.067865,0.019785,23.323,90,-0.22261,0.066425,0.22807,0.3411,-0.37166,1.4028,-0.012827,-0.0069285,0.030451,0.99993,0.0019629,0.011882,-0.0019315,0.99999,-0.0026567,-0.011887,0.0026335,0.99993,0.99993,0.0019629,0.011882,-0.0019315,0.99999,-0.0026567,-0.011887,0.0026335,0.99993,0.77052,0.65334,31.338
-0.0015521,0.00014741,30.82,0.057257,-0.0070187,23.319,91,-0.69217,0.70662,0.2101,1.234,-0.13049,1.4028,-0.0048968,-0.039893,0.076253,0.99971,0.014069,0.019381,-0.014079,0.9999,0.00041008,-0.019372,-0.00068283,0.99981,0.99971,0.014069,0.019381,-0.014079,0.9999,0.00041008,-0.019372,-0.00068283,0.99981,0.88907,0.65327,31.336
-0.0013727,0.00016026,30.823,0.055921,0.001998,23.325,92,0.12818,-0.075019,0.11291,0.31706,-0.10482,1.4028,0.012086,0.0030029,0.0010383,0.99992,0.0033819,0.012268,-0.0033484,0.99999,-0.00275,-0.012278,0.0027087,0.99992,0.99992,0.0033819,0.012268,-0.0033484,0.99999,-0.00275,-0.012278,0.0027087,0.99992,1.008,0.65329,31.339
-0.0013646,9.3428e-05,30.821,0.063488,0.014239,23.319,93,-0.014071,-0.075875,-0.24074,0,0,1.4028,0,0,0,0.99992,0.0015848,0.012317,-0.0015832,1,-0.00014383,-0.012318,0.00012432,0.99992,0.99992,0.0015848,0.012317,-0.0015832,1,-0.00014383,-0.012318,0.00012432,0.99992,1.1268,0.65322,31.337
-0.0012642,8.7296e-06,30.817,0.056599,0.016773,23.317,94,0.091986,-0.11969,-0.07188,0.16289,0.30372,1.4028,0.009687,-0.0051134,-0.011457,0.99996,0.00098095,0.0087303,-0.0009856,1,0.00052909,-0.00873,-0.00053768,0.99996,0.99996,0.00098095,0.0087303,-0.0009856,1,0.00052909,-0.00873,-0.00053768,0.99996,1.2456,0.65313,31.333
-0.0013107,-5.8986e-05,30.818,0.058035,0.0095619,23.315,95,-0.31796,-0.06744,-0.3311,-0.17187,0.21026,1.4028,0.0067184,0.005742,-0.003105,0.99995,-0.00070498,0.010179,0.00069325,1,0.0011554,-0.01018,-0.0011483,0.99995,0.99995,-0.00070498,0.010179,0.00069325,1,0.0011554,-0.01018,-0.0011483,0.99995,1.3643,0.65307,31.334
-0.0012687,-0.0001778,30.818,0.0471,0.0023716,23.317,96,0.29313,-0.15667,0.046317,0.32371,0.15359,1.4028,0.010087,-0.0036904,-0.0016657,0.99994,-0.0043903,0.0096359,0.0043746,0.99999,0.0016425,-0.0096433,-0.0016002,0.99995,0.99994,-0.0043903,0.0096359,0.0043746,0.99999,0.0016425,-0.0096433,-0.0016002,0.99995,1.4831,0.65295,31.334
-0.0012727,-0.00015106,30.824,0.062661,0.014907,23.326,97,-0.078183,0.27837,0.37198,0.53125,-0.015122,1.4028,-0.0041563,-0.0072543,-0.0051674,0.99996,0.00076558,0.0092148,-0.00078351,1,0.0019428,-0.0092134,-0.0019499,0.99996,0.99996,0.00076558,0.0092148,-0.00078351,1,0.0019428,-0.0092134,-0.0019499,0.99996,1.6018,0.65297,31.339
-0.0013201,-0.00012288,30.816,0.065739,-0.0081038,23.316,98,-0.016843,0.1059,0.0033935,0.35983,0.28056,1.4028,0.0089391,-0.011453,-0.0079803,0.99993,-0.0039059,0.010937,0.0038958,0.99999,0.00094984,-0.010941,-0.00090716,0.99994,0.99993,-0.0039059,0.010937,0.0038958,0.99999,0.00094984,-0.010941,-0.00090716,0.99994,1.7206,0.653,31.331
-0.0012068,-0.00030878,30.815,0.064185,-0.010711,23.311,99,0.50505,0.20266,0.27414,1.0698,-0.86491,1.4028,-0.027277,-0.033813,-0.030933,0.99996,0.0032912,0.0084989,-0.0033272,0.99999,0.0042208,-0.008485,-0.0042489,0.99995,0.99996,0.0032912,0.0084989,-0.0033272,0.99999,0.0042208,-0.008485,-0.0042489,0.99995,1.8394,0.65282,31.331
-0.0013412,8.2162e-05,30.822,0.056042,-0.012996,23.321,100,0.028824,-0.098646,0.31739,-2.5506,-2.4133,1.4028,0.028267,-0.080595,0.006919,0.99993,0.0041874,0.011209,-0.0041811,0.99999,-0.00058579,-0.011213,0.00053888,0.99994,0.99993,0.0041874,0.011209,-0.0041811,0.99999,-0.00058579,-0.011213,0.00053888,0.99994,1.958,0.65321,31.338
-0.0013416,-2.7651e-05,30.82,0.060026,-0.00049876,23.318,101,-0.022432,0.024451,0.038645,0.69374,-0.057366,1.4028,9.7982e-05,-0.0040568,-0.0016717,0.99993,0.0043382,0.011093,-0.0043491,0.99999,0.00095912,-0.011089,-0.0010073,0.99994,0.99993,0.0043382,0.011093,-0.0043491,0.99999,0.00095912,-0.011089,-0.0010073,0.99994,2.0768,0.6531,31.336
-0.0010794,0.0002088,30.824,0.060564,0.0028723,23.326,102,0.050601,-0.031131,-0.037381,0.49364,0.70996,1.4028,0.0148,-0.0079334,0.0048818,0.99999,0.00029639,0.0034436,-0.00028502,0.99999,-0.0033023,-0.0034454,0.0033014,0.99999,0.99999,0.00029639,0.0034436,-0.00028502,0.99999,-0.0033023,-0.0034454,0.0033014,0.99999,2.1958,0.65333,31.339
-0.00088285,-0.00018869,30.836,0.049307,-0.0047974,23.341,103,0,0,0.11605,-0.056596,-0.14696,1.4028,0,0,0.00255,0.99999,-0.0051211,0,0.0051211,0.99999,0,0,0,1,0.99999,-0.0051211,0,0.0051211,0.99999,0,0,0,1,2.3147,0.65294,31.352
-0.0011185,8.2885e-05,30.827,0.054434,-0.013225,23.328,104,0.074526,-0.0014892,0.051057,3.5251,-0.20147,9.9473,0.14561,0.040257,-0.013776,0.99999,0.0033079,0.0034936,-0.003313,0.99999,0.0014562,-0.0034893,-0.0014678,0.99999,0.99999,0.0033079,0.0034936,-0.003313,0.99999,0.0014562,-0.0034893,-0.0014678,0.99999,0.44423,0.71258,31.343
-0.0010982,1.3989e-05,30.829,0.063369,0.011683,23.331,105,-0.11692,-0.06178,-0.14036,9.5112,0,9.9473,0,0.30207,0.5458,0.99999,0.0030313,0.0034969,-0.0030226,0.99999,-0.0025088,-0.0035046,0.0024982,0.99999,0.99999,0.0030313,0.0034969,-0.0030226,0.99999,-0.0025088,-0.0035046,0.0024982,0.99999,0.50355,0.71251,31.344
-0.001319,-0.00012898,30.825,0.058382,0.00022455,23.328,106,-0.036395,-0.04184,-0.024493,6.1001,6.1001,19.895,0.19508,-0.19508,-0.49372,0.99998,9.3696e-06,0.0061192,-7.5713e-06,1,-0.00029392,-0.0061192,0.00029387,0.99998,0.99998,9.3696e-06,0.0061192,-7.5713e-06,1,-0.00029392,-0.0061192,0.00029387,0.99998,0.59243,0.71237,31.341
-0.0015667,0.00018627,30.817,0.067421,0.0067926,23.319,107,0.019207,0.031567,-0.03043,12.043,-3.9104,19.895,-0.42397,0.73886,-0.38677,0.99995,0.0003705,0.01003,-0.00035262,1,-0.0017839,-0.010031,0.0017803,0.99995,0.99995,0.0003705,0.01003,-0.00035262,1,-0.0017839,-0.010031,0.0017803,0.99995,0.71093,0.71269,31.333
-0.0013023,0.00030658,30.814,0.056165,-0.00016261,23.314,108,-0.17083,-0.19785,0.031851,-7.3308,11.365,9.9473,2.0299,2.1591,0.28412,0.99997,-0.002294,0.006834,0.0023167,0.99999,-0.0033155,-0.0068256,0.0033312,0.99997,0.99997,-0.002294,0.006834,0.0023167,0.99999,-0.0033155,-0.0068256,0.0033312,0.99997,0.85091,0.73377,31.33
-0.0018138,-0.00011944,30.818,0.042133,0.020571,23.319,109,0.017658,-0.22509,0.46601,0.24438,-0.24438,9.9473,0.081953,0.081953,0.12015,0.99994,-0.00075315,0.011305,0.00075755,1,-0.00038478,-0.011306,0.00039332,0.99994,0.99994,-0.00075315,0.011305,0.00075755,1,-0.00038478,-0.011306,0.00039332,0.99994,0.80847,0.69142,31.334
-0.0017025,0.00067436,30.821,0.059959,-0.0057369,23.323,110,0.0068526,0.0063493,-0.17402,8.4982,-0.22957,9.9473,0.18659,-0.21729,-0.17307,0.99994,0.0039153,0.0097416,-0.0038815,0.99999,-0.0034887,-0.0097547,0.0034507,0.99995,0.99994,0.0039153,0.0097416,-0.0038815,0.99999,-0.0034887,-0.0097547,0.0034507,0.99995,0.91865,0.71317,31.336
-0.0015132,3.1567e-05,30.815,0.054823,0.0013788,23.313,111,-0.098716,-0.0013861,-0.053341,-6.2643,3.2043,9.9473,-0.205,-0.14735,0.13396,0.99995,-0.0001066,0.0097501,0.00010929,1,-0.00027497,-0.0097498,0.00027603,0.99995,0.99995,-0.0001066,0.0097501,0.00010929,1,-0.00027497,-0.0097498,0.00027603,0.99995,0.97813,0.71253,31.331
-0.0014908,0.00017653,30.812,0.066899,0.0040998,23.3,112,-0.044129,0.19809,-0.14555,4.1247,2.8394,19.895,0.62664,0.43511,-0.26752,0.99996,-0.00042735,0.0092831,0.00044326,1,-0.0017124,-0.0092824,0.0017164,0.99996,0.99996,-0.00042735,0.0092831,0.00044326,1,-0.0017124,-0.0092824,0.0017164,0.99996,1.0673,0.71268,31.327
-0.0013467,6.7815e-05,30.814,0.062614,0.012477,23.281,113,-0.13492,0.031199,0.093982,0.80026,-0.54253,19.895,-0.11335,-0.025609,-0.0010979,0.99998,-0.0012506,0.0069445,0.0012507,1,-7.1491e-06,-0.0069444,1.5834e-05,0.99998,0.99998,-0.0012506,0.0069445,0.0012507,1,-7.1491e-06,-0.0069444,1.5834e-05,0.99998,1.1862,0.71257,31.329
-0.0012963,-6.1831e-05,30.807,0.058396,0.0004247,23.299,114,-0.10016,-0.055788,0.19557,-3.5519,1.7902,9.9473,0.087743,0.083382,-0.016606,0.99998,-0.0011052,0.0068309,0.0010907,1,0.0021175,-0.0068333,-0.00211,0.99997,0.99998,-0.0011052,0.0068309,0.0010907,1,0.0021175,-0.0068333,-0.00211,0.99997,1.3259,0.7334,31.323
-0.0014947,-0.00018262,30.815,0.056903,-0.0011509,23.315,115,-0.068976,-0.028974,-0.049485,2.5493,0.2629,9.9473,-0.02708,-0.089978,0.061739,0.99998,0.00088693,0.006369,-0.00089651,1,0.0015005,-0.0063674,-0.0015061,0.99998,0.99998,0.00088693,0.006369,-0.00089651,1,0.0015005,-0.0063674,-0.0015061,0.99998,1.2838,0.69135,31.331
-0.0013213,-9.9312e-05,30.817,0.067069,0.0065274,23.316,116,-0.024542,0.043819,-0.12168,5.0422,5.1027,19.895,0.16085,-0.2201,0.33331,0.99998,0.00041453,0.0065823,-0.00042603,1,0.0017456,-0.0065815,-0.0017484,0.99998,0.99998,0.00041453,0.0065823,-0.00042603,1,0.0017456,-0.0065815,-0.0017484,0.99998,1.4237,0.7124,31.332
-0.001175,-0.00030351,30.814,0.053,0.0026792,23.306,117,0.15032,0.001519,-0.085116,-0.29039,5.9409,19.895,-0.068434,0.38078,0.27548,0.99998,-0.00091968,0.0055494,0.00090224,0.99999,0.0031445,-0.0055524,-0.0031395,0.99998,0.99998,-0.00091968,0.0055494,0.00090224,0.99999,0.0031445,-0.0055524,-0.0031395,0.99998,1.5426,0.7122,31.329
-0.0012327,-9.7375e-05,30.823,0.054511,-0.0016138,23.325,118,0.28372,0.10695,-0.021514,18.2,-17.93,19.895,-1.8994,-1.8063,1.1895,0.99999,-0.00033273,0.0052232,0.00031978,1,0.0024796,-0.005224,-0.0024779,0.99998,0.99999,-0.00033273,0.0052232,0.00031978,1,0.0024796,-0.005224,-0.0024779,0.99998,1.6613,0.7124,31.339
-0.001453,-0.00033732,30.812,0.062935,-0.018356,23.305,119,0.22896,-0.012053,0.0065061,6.7889,4.6129,19.895,0.2864,-0.14031,0.039434,0.99996,0.00011333,0.0088798,-0.00014086,1,0.0031002,-0.0088794,-0.0031014,0.99996,0.99996,0.00011333,0.0088798,-0.00014086,1,0.0031002,-0.0088794,-0.0031014,0.99996,1.7798,0.71216,31.328
-0.001269,-0.00017479,30.822,0.060198,-0.0095384,23.323,120,0.15924,-0.025791,-0.02929,-8.8583,-4.5464,19.895,-0.3939,1.3375,0.51862,0.99997,-0.00020205,0.0072671,0.00018974,1,0.0016948,-0.0072674,-0.0016934,0.99997,0.99997,-0.00020205,0.0072671,0.00018974,1,0.0016948,-0.0072674,-0.0016934,0.99997,1.8987,0.71233,31.338
-0.0016066,4.5896e-05,30.816,0.064418,-0.021039,23.318,121,0.29518,0.054886,-0.20082,7.7341,0.097316,9.9473,0.0035708,0.07229,0.2107,0.99996,-0.00093379,0.0094011,0.00094269,1,-0.00094198,-0.0093999,0.0009508,0.99996,0.99996,-0.00093379,0.0094011,0.00094269,1,-0.00094198,-0.0093999,0.0009508,0.99996,1.9875,0.71255,31.332
-0.0014773,-0.00028761,30.81,0.064701,0.0065653,23.307,122,0.027723,0.068712,-0.22496,2.1169,3.8367,9.9473,0.0030422,0.061499,0.026354,0.99995,0.0017736,0.0093951,-0.0017934,1,0.0021046,-0.0093915,-0.0021213,0.99995,0.99995,0.0017736,0.0093951,-0.0017934,1,0.0021046,-0.0093915,-0.0021213,0.99995,2.0469,0.71221,31.326
-0.0017099,-4.2714e-05,30.815,0.056547,0.0031605,23.31,123,-0.044105,-0.024681,0.085212,0.98408,-2.7799,9.9473,0.14935,-0.031344,0.10006,0.99995,-0.0040723,0.0088971,0.0040535,0.99999,0.0021208,-0.0089046,-0.0020846,0.99996,0.99995,-0.0040723,0.0088971,0.0040535,0.99999,0.0021208,-0.0089046,-0.0020846,0.99996,2.1148,0.73342,31.331
-0.0010664,0.00023422,30.82,0.055226,0.0011947,23.317,124,-0.063519,0.081666,0.056606,-0.92916,0.5886,9.9473,-0.018786,-0.029381,-0.032045,0.99997,-0.0041509,0.0060999,0.0041751,0.99998,-0.0039668,-0.0060839,0.0039922,0.99997,0.99997,-0.0041509,0.0060999,0.0041751,0.99998,-0.0039668,-0.0060839,0.0039922,0.99997,2.1574,0.69177,31.336
-0.00093446,0.00020967,30.823,0.058355,-0.003793,23.317,125,0.0076144,0.078705,-0.060164,2.6858,1.9293,19.895,-0.199,-0.051854,0.13304,1,-8.7921e-05,0.0029669,9.642e-05,1,-0.0028647,-0.0029667,0.002865,0.99999,1,-8.7921e-05,0.0029669,9.642e-05,1,-0.0028647,-0.0029667,0.002865,0.99999,2.2553,0.71271,31.339
-0.00095803,0.00010371,30.836,0.056071,0.0039764,23.341,126,0,0,-0.074644,1.5669,-0.20133,1.4028,0,0,-0.0067166,1,-0.00032552,0,0.00032552,1,0,0,0,1,1,-0.00032552,0,0.00032552,1,0,0,0,1,0.29592,0.77198,31.352
