"DISPL:0","DISPL:1","DISPL:2","LINVEL:0","LINVEL:1","LINVEL:2","NUMBER","ANGVEL:0","ANGVEL:1","ANGVEL:2","FORCE:0","FORCE:1","FORCE:2","TORQUE:0","TORQUE:1","TORQUE:2","ORIENT:0","ORIENT:1","ORIENT:2","ORIENT:3","ORIENT:4","ORIENT:5","ORIENT:6","ORIENT:7","ORIENT:8","ORIENT1:0","ORIENT1:1","ORIENT1:2","ORIENT2:0","ORIENT2:1","ORIENT2:2","ORIENT3:0","ORIENT3:1","ORIENT3:2","Points:0","Points:1","Points:2"
-0.00068818,0,0,0.057973,0,0,0,0,0,0,3014.2,0,0,0,0,0,1,0,0,0,1,0,0,0,1,1,0,0,0,1,0,0,0,1,1.3649,1.3656,0.4125
-0.0008915,0.00012067,30.836,0.056358,0.0017518,23.341,1,0,0,0.053281,0,0,1.4028,0,0,0,1,-0.0021267,0,0.0021267,1,0,0,0,1,1,-0.0021267,0,0.0021267,1,0,0,0,1,0.77098,0.297,31.352
-0.00089555,1.2566e-05,30.828,0.059206,0.0010542,23.334,2,0.11735,0.35062,0.01887,1.8725,1.8725,1.4028,-0.059422,0.059422,0.062416,1,0.0026973,0.0015826,-0.0026985,1,0.00071803,-0.0015812,-0.00072229,1,1,0.0026973,0.0015826,-0.0026985,1,0.00071803,-0.0015812,-0.00072229,1,0.88973,0.29689,31.344
-0.00088325,0.00013243,30.829,0.057887,-0.0032416,23.335,3,-0.031026,0.023745,-0.16471,2.4963,1.4524,1.4028,-0.046082,0.079152,-0.048425,0.99999,0.0047583,0.0013112,-0.0047597,0.99999,0.0010364,-0.0013067,-0.0010426,1,0.99999,0.0047583,0.0013112,-0.0047597,0.99999,0.0010364,-0.0013067,-0.0010426,1,1.0085,0.29701,31.345
-0.00096578,-9.2236e-05,30.829,0.055093,0.014861,23.334,4,-0.23978,-0.15319,-0.19124,2.9982,2.9982,1.4028,-0.0096563,0.0096563,0.010088,0.99998,0.0062945,0.0020706,-0.0062914,0.99998,-0.0015297,-0.002081,0.0015167,1,0.99998,0.0062945,0.0020706,-0.0062914,0.99998,-0.0015297,-0.002081,0.0015167,1,1.1272,0.29678,31.345
-0.00088367,0.00016036,30.83,0.077215,-0.0018149,23.335,5,-0.28815,-0.011232,-0.34505,-0.37023,0.24962,1.4028,-0.011818,-0.0080406,0.020654,0.99998,0.00555,0.0005819,-0.0055502,0.99998,0.00031916,-0.00058056,-0.00032238,1,0.99998,0.00555,0.0005819,-0.0055502,0.99998,0.00031916,-0.00058056,-0.00032238,1,1.246,0.29704,31.346
-0.0009343,1.3574e-05,30.831,0.063925,0.011581,23.337,6,0.3339,-0.0034478,-0.13268,0,0,1.4028,0,0,0,0.99999,0.0043194,0.0023357,-0.0043204,0.99999,0.00040048,-0.0023345,-0.00041056,1,0.99999,0.0043194,0.0023357,-0.0043204,0.99999,0.00040048,-0.0023345,-0.00041056,1,1.3647,0.29689,31.347
-0.00085908,3.4216e-05,30.829,0.059604,-0.0020705,23.335,7,0.13631,0.054888,-0.05931,3.5894,0.27341,1.4028,-0.0087274,0.11378,-0.0090182,1,0.0011326,0.0013622,-0.001134,1,0.0010279,-0.0013615,-0.0010294,1,1,0.0011326,0.0013622,-0.001134,1,0.0010279,-0.0013615,-0.0010294,1,1.4835,0.29691,31.345
-0.00088175,2.1281e-05,30.83,0.059666,0.0031064,23.336,8,0.078579,0.11135,-0.13769,1.2854,-1.275,1.4028,-0.011754,-0.011416,-0.0011481,1,0.0023048,0.0019054,-0.002306,1,0.00066173,-0.0019039,-0.00066612,1,1,0.0023048,0.0019054,-0.002306,1,0.00066173,-0.0019039,-0.00066612,1,1.6022,0.2969,31.346
-0.00084501,-1.7393e-05,30.828,0.049877,0.0079982,23.334,9,-0.26529,-0.38261,0.27662,-1.482,1.482,1.4028,0.047,0.047,-0.049467,1,0.00037812,-0.00095551,-0.00037755,1,0.00059923,0.0009553,-0.00059887,1,1,0.00037812,-0.00095551,-0.00037755,1,0.00059923,0.0009553,-0.00059887,1,1.721,0.29686,31.344
-0.00087048,-0.00017174,30.83,0.057093,-0.0010848,23.336,10,-0.043042,0.016338,0.029419,-0.4577,0.58854,1.4028,-0.018668,-0.014518,-0.015637,0.99999,0.0053801,-9.1036e-05,-0.0053801,0.99999,0.00016392,9.158e-05,-0.00016342,1,0.99999,0.0053801,-9.1036e-05,-0.0053801,0.99999,0.00016392,9.158e-05,-0.00016342,1,1.8397,0.2967,31.346
-0.00096571,-0.00011221,30.836,0.061805,-0.0057102,23.341,11,0,0,0.10511,0,0,1.4028,0,0,0,1,0.00019429,0,-0.00019429,1,0,0,0,1,1,0.00019429,0,-0.00019429,1,0,0,0,1,1.9584,0.29676,31.352
-0.0010297,4.8852e-05,30.825,0.054056,0.0060626,23.328,12,-0.0023484,-0.013385,0.11416,3.7842,-3.7842,19.895,-0.11959,-0.11959,-0.30739,0.99999,0.0019848,0.0035144,-0.0019826,1,-0.00065019,-0.0035157,0.00064321,0.99999,0.99999,0.0019848,0.0035144,-0.0019826,1,-0.00065019,-0.0035157,0.00064321,0.99999,0.83022,0.3563,31.341
-0.0010536,0.00012767,30.827,0.06447,0.0014875,23.328,13,-0.052916,0.046155,-0.10392,-2.7337,-0.48968,19.895,0.41859,-0.21262,-0.19737,0.99999,0.0023767,0.0036494,-0.0023717,1,-0.0013666,-0.0036529,0.0013579,0.99999,0.99999,0.0023767,0.0036494,-0.0023717,1,-0.0013666,-0.0036529,0.0013579,0.99999,0.94895,0.35638,31.343
-0.0011524,0.00018261,30.824,0.068163,0.019254,23.326,14,-0.15837,0.12184,0.26078,-23.618,1.3056,9.9473,-0.16367,0.75488,0.046676,0.99999,0.0024415,0.0045784,-0.002441,1,-0.00011872,-0.0045788,0.00010754,0.99999,0.99999,0.0024415,0.0045784,-0.002441,1,-0.00011872,-0.0045788,0.00010754,0.99999,1.0379,0.35643,31.34
-0.0010517,-0.0002962,30.828,0.062193,0.013654,23.33,15,-0.07805,0.022001,0.053755,11.54,6.3859,9.9473,0.71952,-1.3236,0.71651,0.99999,0.0023882,0.0036101,-0.0023925,1,0.0011882,-0.0036074,-0.0011969,0.99999,0.99999,0.0023882,0.0036101,-0.0023925,1,0.0011882,-0.0036074,-0.0011969,0.99999,1.0973,0.35595,31.343
-0.0010567,7.9626e-05,30.825,0.06016,0.011348,23.326,16,0.01906,-0.0051952,0.043295,-1.6964,-1.9547,19.895,7.6306e-05,-0.026726,-0.3221,0.99999,0.0023696,0.0034612,-0.0023667,1,-0.00082351,-0.0034633,0.00081531,0.99999,0.99999,0.0023696,0.0034612,-0.0023667,1,-0.00082351,-0.0034633,0.00081531,0.99999,1.1864,0.35633,31.34
-0.0012607,6.0051e-05,30.825,0.077248,0.011222,23.328,17,-0.081935,-0.10581,0.36395,4.5761,-2.1849,9.9473,0.14486,0.068948,0.11323,0.99998,0.0011289,0.0056864,-0.0011336,1,0.00082251,-0.0056859,-0.00082894,0.99998,0.99998,0.0011289,0.0056864,-0.0011336,1,0.00082251,-0.0056859,-0.00082894,0.99998,1.2753,0.35631,31.341
-0.00098151,3.789e-05,30.832,0.064183,-0.0033731,23.337,18,-0.06951,-0.29545,0.24606,0,0,9.9473,0,0,0,0.99999,0.0010115,0.0030523,-0.0010103,1,-0.00039592,-0.0030526,0.00039284,1,0.99999,0.0010115,0.0030523,-0.0010103,1,-0.00039592,-0.0030526,0.00039284,1,1.3349,0.35629,31.348
-0.0010445,0.00016454,30.83,0.056229,-0.00077429,23.312,19,0.060414,0.027764,0.07148,-3.2852,-1.0989,19.895,-0.033359,-0.187,-0.079162,0.99999,0.0022003,0.0036502,-0.0021937,1,-0.0018089,-0.0036543,0.0018008,0.99999,0.99999,0.0022003,0.0036502,-0.0021937,1,-0.0018089,-0.0036543,0.0018008,0.99999,1.424,0.35641,31.346
-0.0010322,9.9451e-05,30.824,0.054893,0.0061127,23.325,20,-0.013284,0.14093,0.05295,-0.45347,0.15831,19.895,-0.11531,0.22438,0.14982,0.99999,0.0019156,0.0032756,-0.0019116,1,-0.0012298,-0.003278,0.0012236,0.99999,0.99999,0.0019156,0.0032756,-0.0019116,1,-0.0012298,-0.003278,0.0012236,0.99999,1.5427,0.35635,31.34
-0.0010455,2.5606e-05,30.823,0.059148,0.0061906,23.323,21,-0.15906,0.030866,0.018739,8.7333,1.4627,19.895,0.046852,0.79621,0.41835,0.99999,0.0022312,0.0036378,-0.0022299,1,-0.0003548,-0.0036388,0.00034669,0.99999,0.99999,0.0022312,0.0036378,-0.0022299,1,-0.0003548,-0.0036388,0.00034669,0.99999,1.6615,0.35628,31.339
-0.0012339,0.00017947,30.83,0.055901,0.013695,23.323,22,-0.056661,0.058224,-0.10089,3.0216,-0.99005,9.9473,-0.031398,0.017966,0.021014,0.99999,-0.0020095,0.00459,0.0020099,1,-6.9127e-05,-0.0045899,7.8352e-05,0.99999,0.99999,-0.0020095,0.00459,0.0020099,1,-6.9127e-05,-0.0045899,7.8352e-05,0.99999,1.801,0.37739,31.346
-0.00089869,-0.00017121,30.828,0.055536,0.0081413,23.33,23,0.029685,0.1446,-0.01571,2.8483,-1.9089,9.9473,0.05322,0.097509,0.043679,1,-0.0017781,0.0022359,0.001773,1,0.0022749,-0.0022399,-0.0022709,0.99999,1,-0.0017781,0.0022359,0.001773,1,0.0022749,-0.0022399,-0.0022709,0.99999,1.7594,0.33511,31.344
-0.0010118,-0.00014368,30.828,0.058999,0.0083275,23.328,24,-0.10952,-0.016325,0.013821,5.257,0.37594,19.895,-0.01143,0.16678,0.0038862,1,0.0011642,0.00281,-0.0011664,1,0.00079577,-0.0028092,-0.00079905,1,1,0.0011642,0.00281,-0.0011664,1,0.00079577,-0.0028092,-0.00079905,1,1.899,0.35611,31.344
-0.00082844,4.8073e-05,30.836,0.064217,0.00046766,23.341,25,0,0,-0.29752,0,0,1.4028,0,0,0,1,-0.0023285,0,0.0023285,1,0,0,0,1,1,-0.0023285,0,0.0023285,1,0,0,0,1,0.6523,0.41567,31.352
-0.0010861,-0.00015715,30.83,0.053175,-0.0081375,23.336,26,0.14826,-0.19202,-0.01607,0.0090849,0.11205,1.4028,-0.0035457,0.00028712,-0.0037545,0.99997,0.0064167,0.0045838,-0.0064159,0.99998,-0.00018088,-0.0045862,0.00015147,0.99999,0.99997,0.0064167,0.0045838,-0.0064159,0.99998,-0.00018088,-0.0045862,0.00015147,0.99999,0.77079,0.41547,31.346
-0.0012653,6.117e-05,30.818,0.046268,0.0012519,23.315,27,0.16207,-0.25316,-0.088455,0.67926,1.4045,1.4028,0.0058512,-0.057316,-0.049182,0.99996,0.0026475,0.0087028,-0.0026384,1,-0.0010576,-0.0087059,0.0010346,0.99996,0.99996,0.0026475,0.0087028,-0.0026384,1,-0.0010576,-0.0087059,0.0010346,0.99996,0.88936,0.41569,31.334
-0.0012763,0.00012685,30.821,0.059717,0.012389,23.314,28,-0.53911,-0.028015,0.15565,-0.60408,-1.04,1.4028,-0.025699,0.013542,-0.005802,0.99995,0.0017218,0.0098816,-0.0017233,1,0.00014684,-0.0098815,-0.00016386,0.99995,0.99995,0.0017218,0.0098816,-0.0017233,1,0.00014684,-0.0098815,-0.00016386,0.99995,1.0081,0.41575,31.337
-0.0012096,-0.00012514,30.822,0.054904,0.015392,23.322,29,0.23324,0.18883,-0.10701,1.0047,-0.62166,1.4028,-0.037669,-0.021237,-0.02273,0.99996,0.0049872,0.0075113,-0.0049927,0.99999,0.00070489,-0.0075077,-0.00074236,0.99997,0.99996,0.0049872,0.0075113,-0.0049927,0.99999,0.00070489,-0.0075077,-0.00074236,0.99997,1.1269,0.4155,31.338
-0.001263,9.8148e-05,30.823,0.070207,0.012969,23.323,30,-0.010388,0.13648,-0.31768,-0.43377,-0.022183,1.4028,-0.00074989,0.013323,0.019868,0.99996,0.0010508,0.0089069,-0.0010433,1,-0.00085008,-0.0089086,0.00084076,0.99996,0.99996,0.0010508,0.0089069,-0.0010433,1,-0.00085008,-0.0089086,0.00084076,0.99996,1.2456,0.41572,31.339
-0.0012446,8.8113e-06,30.824,0.055058,-0.0016578,23.321,31,-0.20388,-0.12209,-0.013824,0.36058,-0.0046819,1.4028,-0.00014486,-0.011441,-0.00081169,0.99995,0.0054537,0.0080883,-0.0054472,0.99998,-0.00082148,-0.0080932,0.00077738,0.99997,0.99995,0.0054537,0.0080883,-0.0054472,0.99998,-0.00082148,-0.0080932,0.00077738,0.99997,1.3644,0.41563,31.339
-0.0012667,0.00013395,30.822,0.05972,0.008314,23.322,32,0.069248,-0.049602,-0.097481,-0.55063,0.81239,1.4028,-0.0087497,-0.018594,-0.0018129,0.99996,0.00055324,0.0088965,-0.00053454,1,-0.0021045,-0.0088977,0.0020997,0.99996,0.99996,0.00055324,0.0088965,-0.00053454,1,-0.0021045,-0.0088977,0.0020997,0.99996,1.4831,0.41576,31.338
-0.0012698,6.4211e-05,30.825,0.049979,0.0021912,23.322,33,0.16185,-0.14746,-0.059283,0.57961,-1.9864,1.4028,0.064603,0.023764,0.010257,0.99996,0.0013758,0.0088766,-0.0013646,1,-0.0012599,-0.0088784,0.0012477,0.99996,0.99996,0.0013758,0.0088766,-0.0013646,1,-0.0012599,-0.0088784,0.0012477,0.99996,1.6019,0.41569,31.34
-0.0012371,0.00015769,30.822,0.064793,0.0070547,23.323,34,-0.022848,0.049454,-0.07822,0.00062302,0.20418,1.4028,0.0064907,3.9201e-05,-0.0025726,0.99994,0.0046907,0.009482,-0.0046941,0.99999,0.00033023,-0.0094809,-0.00037473,0.99995,0.99994,0.0046907,0.009482,-0.0046941,0.99999,0.00033023,-0.0094809,-0.00037473,0.99995,1.7206,0.41578,31.338
-0.0012905,4.5174e-05,30.826,0.055063,0.0041121,23.328,35,0.078674,-0.081036,-0.12204,0.1035,-0.13044,1.4028,-0.0041568,-0.0029359,-0.0013854,0.99995,2.8411e-05,0.0095355,-2.1657e-05,1,-0.00070833,-0.009536,0.00070809,0.99995,0.99995,2.8411e-05,0.0095355,-2.1657e-05,1,-0.00070833,-0.009536,0.00070809,0.99995,1.8393,0.41567,31.342
-0.00095241,-3.7385e-05,30.831,0.055693,0.0012119,23.337,36,-0.078398,-0.043012,-0.18733,0.68631,-1.1828,1.4028,0.037365,0.02194,0.041889,0.99999,0.0038287,0.001035,-0.0038277,0.99999,-0.00090362,-0.0010388,0.00089965,1,0.99999,0.0038287,0.001035,-0.0038277,0.99999,-0.00090362,-0.0010388,0.00089965,1,1.9584,0.41559,31.347
-0.00091102,-0.00019412,30.836,0.0417,-0.013377,23.341,37,0,0,0.10358,0,0,1.4028,0,0,0,0.99999,-0.004437,0,0.004437,0.99999,0,0,0,1,0.99999,-0.004437,0,0.004437,0.99999,0,0,0,1,2.0772,0.41543,31.352
-0.0011389,0.000498,30.831,0.061437,0.0092087,23.331,38,0.12217,0.015174,-0.50858,12.608,12.608,9.9473,0.54599,-0.54599,0.35858,0.99995,-0.0090345,0.0046894,0.009039,0.99996,-0.00092201,-0.0046803,0.00096435,0.99999,0.99995,-0.0090345,0.0046894,0.009039,0.99996,-0.00092201,-0.0046803,0.00096435,0.99999,0.73233,0.49646,31.346
-0.00087631,-0.00025901,30.826,0.064768,-0.014971,23.328,39,0.13511,-0.023834,-0.128,-0.060568,-0.060568,9.9473,0.001929,-0.001929,-0.0049173,0.99999,-0.0021426,0.0024405,0.00214,1,0.0010788,-0.0024435,-0.0010736,1,0.99999,-0.0021426,0.0024405,0.00214,1,0.0010788,-0.0024435,-0.0010736,1,0.69066,0.45378,31.341
-0.0013882,-9.3884e-05,30.819,0.057536,0.00053791,23.315,40,-0.054649,-0.15909,0.014195,2.3067,2.3067,19.895,0.072569,-0.072569,0.18763,0.99998,0.00032553,0.0068091,-0.00032844,1,0.00042571,-0.006809,-0.00042794,0.99998,0.99998,0.00032553,0.0068091,-0.00032844,1,0.00042571,-0.006809,-0.00042794,0.99998,0.82986,0.47491,31.335
-0.0013991,0.00010789,30.822,0.070483,0.0059417,23.323,41,-0.20699,-0.085239,0.096667,10.377,1.1431,19.895,0.22478,0.052514,-0.1501,0.99997,1.7088e-05,0.0079966,-1.3275e-05,1,-0.00047695,-0.0079966,0.00047683,0.99997,0.99997,1.7088e-05,0.0079966,-1.3275e-05,1,-0.00047695,-0.0079966,0.00047683,0.99997,0.9486,0.47511,31.337
-0.0014584,6.9619e-05,30.822,0.060553,0.011278,23.321,42,-0.20059,-0.066648,0.087583,18.011,0.69168,19.895,-0.56101,-0.54356,-0.20982,0.99997,-0.0012855,0.0080761,0.0012958,1,-0.001271,-0.0080744,0.0012814,0.99997,0.99997,-0.0012855,0.0080761,0.0012958,1,-0.001271,-0.0080744,0.0012814,0.99997,1.0673,0.47507,31.338
-0.0013175,-1.5576e-06,30.82,0.051808,0.034204,23.323,43,-0.28294,-0.075948,0.011717,1.1226,-10.224,9.9473,0.14172,0.02362,0.085349,0.99998,-0.0014744,0.0065988,0.0014679,1,0.0009913,-0.0066007,-0.00098159,0.99998,0.99998,-0.0014744,0.0065988,0.0014679,1,0.0009913,-0.0066007,-0.00098159,0.99998,1.1565,0.475,31.336
-0.001316,0.00022139,30.811,0.053302,0.020394,23.308,44,-0.43623,-0.074154,-0.021387,1.4733,-0.64155,9.9473,-0.020355,-0.10623,0.0070069,0.99998,-0.0015082,0.0066004,0.0015215,1,-0.002012,-0.0065974,0.002022,0.99998,0.99998,-0.0015082,0.0066004,0.0015215,1,-0.002012,-0.0065974,0.002022,0.99998,1.2158,0.47522,31.327
-0.0014727,-1.0297e-05,30.814,0.06868,-0.0064252,23.314,45,-0.028357,0.14238,-0.035973,5.0431,26.804,19.895,1.9909,0.36377,0.1825,0.99996,-0.0011029,0.0083449,0.0011082,1,-0.00063766,-0.0083441,0.00064688,0.99996,0.99996,-0.0011029,0.0083449,0.0011082,1,-0.00063766,-0.0083441,0.00064688,0.99996,1.3048,0.47499,31.33
-0.0013541,9.5778e-05,30.815,0.053063,0.010037,23.316,46,0.014855,-0.091035,0.11328,4.7866,4.3128,19.895,-0.41515,0.73385,0.030004,0.99997,-0.00085609,0.0073147,0.00086009,1,-0.00054409,-0.0073143,0.00055037,0.99997,0.99997,-0.00085609,0.0073147,0.00086009,1,-0.00054409,-0.0073143,0.00055037,0.99997,1.4236,0.4751,31.331
-0.0013408,0.00012772,30.824,0.053884,-0.0098765,23.327,47,0.050494,-0.081509,0.11347,5.1551,-5.0632,19.895,-0.15548,-0.13068,-0.042466,0.99997,-0.00041087,0.0071131,0.0004267,1,-0.0022237,-0.0071122,0.0022267,0.99997,0.99997,-0.00041087,0.0071131,0.0004267,1,-0.0022237,-0.0071122,0.0022267,0.99997,1.5424,0.47513,31.34
-0.0014943,0.00043245,30.818,0.045974,0.010047,23.319,48,-0.027833,-0.034557,-0.11717,0,0.11856,9.9473,-0.012282,0,0.005588,0.99995,-0.006204,0.0078387,0.0062232,0.99998,-0.0024356,-0.0078226,0.0024843,0.99997,0.99995,-0.006204,0.0078387,0.0062232,0.99998,-0.0024356,-0.0078226,0.0024843,0.99997,1.661,0.50508,31.334
-0.0013739,0.00014723,30.821,0.060104,0.0073091,23.322,49,0.027982,-0.057639,0.05897,1.4612,0.026937,9.9473,0.016829,0.046435,0.037087,0.99997,-0.00059161,0.0076506,0.00061178,1,-0.002634,-0.0076498,0.0026386,0.99997,0.99997,-0.00059161,0.0076506,0.00061178,1,-0.002634,-0.0076498,0.0026386,0.99997,1.6611,0.4455,31.337
-0.0013354,0.00020993,30.819,0.059483,0.0076861,23.32,50,-0.11429,0.047691,0.066544,5.2409,-1.3923,19.895,-0.0083281,-0.18401,-0.18446,0.99998,-0.001874,0.0061907,0.0018858,1,-0.0018949,-0.0061871,0.0019066,0.99998,0.99998,-0.001874,0.0061907,0.0018858,1,-0.0018949,-0.0061871,0.0019066,0.99998,1.7799,0.47521,31.335
-0.0012774,0.00015307,30.827,0.057733,0.00038458,23.329,51,-0.037782,0.018358,0.018711,4.3286,-7.7471,19.895,0.35785,0.029812,-0.61509,0.99998,-0.00029417,0.0066809,0.00030701,1,-0.0019218,-0.0066804,0.0019238,0.99998,0.99998,-0.00029417,0.0066809,0.00030701,1,-0.0019218,-0.0066804,0.0019238,0.99998,1.8987,0.47515,31.343
-0.0010185,-4.7427e-05,30.83,0.064616,-0.0017478,23.334,52,0.075999,0.047237,-0.14565,5.1704,10.46,19.895,-0.42397,0.069714,-0.46897,1,0.0012791,0.0028286,-0.0012818,1,0.00096578,-0.0028275,-0.0009694,1,1,0.0012791,0.0028286,-0.0012818,1,0.00096578,-0.0028275,-0.0009694,1,2.0177,0.47495,31.346
-0.00092179,0.00016354,30.836,0.044576,0.0099872,23.341,53,0,0,-0.94378,4.0482,-4.0482,1.4028,0,0,-0.13505,1,0.0020486,0,-0.0020486,1,0,0,0,1,1,0.0020486,0,-0.0020486,1,0,0,0,1,0.53345,0.53454,31.352
-0.00069739,0.00039388,30.822,0.06509,0.0039308,23.321,54,-0.20812,0.054275,0.027393,1.2462,0.55784,1.4028,0.039617,-0.017762,-0.018479,0.99993,0.011716,0.0017334,-0.01171,0.99993,-0.0034362,-0.0017733,0.0034156,0.99999,0.99993,0.011716,0.0017334,-0.01171,0.99993,-0.0034362,-0.0017733,0.0034156,0.99999,0.65243,0.53477,31.338
-0.0012247,5.6532e-06,30.828,0.029018,0.035665,23.332,55,-0.41564,-0.41328,-0.31546,-5.3208,-7.324,1.4028,-0.23325,0.16971,0.2435,0.99997,-0.0036082,0.0074295,0.0036101,0.99999,-0.00024574,-0.0074285,0.00027256,0.99997,0.99997,-0.0036082,0.0074295,0.0036101,0.99999,-0.00024574,-0.0074285,0.00027256,0.99997,0.77065,0.53438,31.343
-0.0013847,1.82e-05,30.822,0.059225,0.0012532,23.324,56,-0.066136,-0.020536,0.13821,0.66163,-0.46934,1.4028,-0.015223,-0.025096,0.023862,0.99992,0.0024235,0.012472,-0.0024305,1,0.00054342,-0.01247,-0.00057369,0.99992,0.99992,0.0024235,0.012472,-0.0024305,1,0.00054342,-0.01247,-0.00057369,0.99992,0.88924,0.53439,31.338
-0.0013571,7.3527e-05,30.819,0.047819,0.0030294,23.316,57,-0.28863,-0.21411,0.30907,0.38086,0.61898,1.4028,0.019481,-0.01345,0.016398,0.99993,8.5897e-05,0.011934,-9.1495e-05,1,0.00046853,-0.011934,-0.00046959,0.99993,0.99993,8.5897e-05,0.011934,-9.1495e-05,1,0.00046853,-0.011934,-0.00046959,0.99993,1.008,0.53445,31.334
-0.0013811,0.00013634,30.823,0.051568,0.013343,23.325,58,-0.20907,-0.29877,0.27456,0.56453,-0.43277,1.4028,-0.013774,-0.018901,0.032274,0.99992,0.0024496,0.01263,-0.0024253,1,-0.0019416,-0.012635,0.0019108,0.99992,0.99992,0.0024496,0.01263,-0.0024253,1,-0.0019416,-0.012635,0.0019108,0.99992,1.1267,0.53451,31.338
-0.0014024,6.2069e-05,30.819,0.047078,0.017577,23.316,59,-0.4117,-0.38152,-0.13236,0.33667,-0.64421,1.4028,-0.019975,-0.016475,0.011208,0.99992,0.00033626,0.012796,-0.00032107,1,-0.0011887,-0.012797,0.0011845,0.99992,0.99992,0.00033626,0.012796,-0.00032107,1,-0.0011887,-0.012797,0.0011845,0.99992,1.2455,0.53444,31.335
-0.0013048,-1.2392e-06,30.822,0.048703,-0.0001205,23.323,60,0.095217,-0.34093,0.49564,-0.45802,0.35011,1.4028,0.011175,0.014747,-0.012464,0.99995,0.0025619,0.0099794,-0.0025652,1,0.00031788,-0.0099784,-0.00034346,0.99995,0.99995,0.0025619,0.0099794,-0.0025652,1,0.00031788,-0.0099784,-0.00034346,0.99995,1.3643,0.53437,31.337
-0.0013128,4.5e-05,30.819,0.054866,0.0052825,23.321,61,0.12038,-0.1787,-0.54386,1.0611,1.2823,1.4028,0.0071888,0.0013999,0.00084262,0.99995,0.0020363,0.010197,-0.0020318,1,-0.00045096,-0.010198,0.00043022,0.99995,0.99995,0.0020363,0.010197,-0.0020318,1,-0.00045096,-0.010198,0.00043022,0.99995,1.4831,0.53442,31.335
-0.0012746,0.00031778,30.818,0.055785,-0.0029803,23.316,62,0.19456,-0.18526,-0.15952,0.6748,-0.50681,1.4028,0.010035,0.0047071,-0.024814,0.99992,0.0047326,0.011637,-0.0046938,0.99998,-0.0033646,-0.011654,0.0033097,0.99993,0.99992,0.0047326,0.011637,-0.0046938,0.99998,-0.0033646,-0.011654,0.0033097,0.99993,1.6018,0.53469,31.334
-0.0012388,0.00036924,30.818,0.061035,0.0034751,23.318,63,-0.35648,0.2828,0.3038,-0.66831,-1.8901,1.4028,-0.060055,0.020546,0.081224,0.99994,0.00023395,0.011002,-0.00018377,0.99999,-0.0045616,-0.011003,0.0045593,0.99993,0.99994,0.00023395,0.011002,-0.00018377,0.99999,-0.0045616,-0.011003,0.0045593,0.99993,1.7206,0.53474,31.334
-0.0012874,0.00021715,30.816,0.06472,0.0063835,23.317,64,-0.027244,0.076759,-0.34177,0.61923,1.2028,1.4028,0.02988,-0.028689,-0.056152,0.99995,0.0033516,0.0098178,-0.0033135,0.99999,-0.0038941,-0.009831,0.0038614,0.99994,0.99995,0.0033516,0.0098178,-0.0033135,0.99999,-0.0038941,-0.009831,0.0038614,0.99994,1.8393,0.53459,31.332
-0.0013561,0.0001172,30.825,0.060809,0.012422,23.322,65,0.044598,-0.065209,0.13899,-0.12908,0.35654,1.4028,-0.011564,-0.0038384,0.036239,0.99993,0.0020939,0.011698,-0.0020664,1,-0.0023638,-0.011704,0.0023395,0.99993,0.99993,0.0020939,0.011698,-0.0020664,1,-0.0023638,-0.011704,0.0023395,0.99993,1.958,0.53449,31.341
-0.00099134,3.8101e-05,30.829,0.065102,-0.008316,23.336,66,0.062097,-0.022978,0.15776,0.12075,-0.20389,1.4028,-0.0044453,-0.0070405,0.0026972,1,0.0026843,0.00052673,-0.002684,1,-0.00047486,-0.00052847,0.00047344,1,1,0.0026843,0.00052673,-0.002684,1,-0.00047486,-0.00052847,0.00047344,1,2.0771,0.53441,31.345
-0.00094768,-0.00012475,30.836,0.055504,0.0060102,23.341,67,0,0,-0.13537,0,0,1.4028,0,0,0,1,0.001199,0,-0.001199,1,0,0,0,1,1,0.001199,0,-0.001199,1,0,0,0,1,2.1959,0.53425,31.352
-0.00093149,0.00030726,30.824,0.063456,-0.0019871,23.326,68,-0.091412,0.052106,-0.0035229,-5.9743,4.1703,19.895,0.067343,0.12418,-0.31884,1,0.0011917,0.0019866,-0.0011851,0.99999,-0.0033022,-0.0019906,0.0032998,0.99999,1,0.0011917,0.0019866,-0.0011851,0.99999,-0.0033022,-0.0019906,0.0032998,0.99999,0.59282,0.59406,31.34
-0.0015632,0.00034833,30.83,0.052893,0.0037986,23.333,69,-0.024934,0.042393,-0.073078,2.8562,-1.977,9.9473,-0.057709,-0.029326,-0.090819,0.99995,-0.0054284,0.0081259,0.0054556,0.99998,-0.0033284,-0.0081082,0.0033726,0.99996,0.99995,-0.0054284,0.0081259,0.0054556,0.99998,-0.0033284,-0.0081082,0.0033726,0.99996,0.71094,0.62375,31.346
-0.00090983,0.00022049,30.831,0.064342,0.0032127,23.317,70,0.045555,-0.066975,-0.09719,7.7214,7.7214,9.9473,0.19321,-0.19321,0.39624,0.99995,-0.0080452,0.005094,0.0080623,0.99996,-0.0033458,-0.0050674,0.0033867,0.99998,0.99995,-0.0080452,0.005094,0.0080623,0.99996,-0.0033458,-0.0050674,0.0033867,0.99998,0.71159,0.56432,31.346
-0.0015715,0.00040384,30.823,0.032511,-0.0015864,23.318,71,-0.046712,-0.10805,0.15709,0,-0.87916,9.9473,0.027652,0,0.032257,0.99995,0.0010034,0.0094998,-0.00096689,0.99999,-0.0038521,-0.0095032,0.0038428,0.99995,0.99995,0.0010034,0.0094998,-0.00096689,0.99999,-0.0038521,-0.0095032,0.0038428,0.99995,0.80871,0.61512,31.339
-0.001409,-0.00010362,30.816,0.047384,0.020941,23.316,72,-0.18683,-0.30058,-0.10007,-4.3057,4.3057,9.9473,0.5483,0.5483,-0.49919,0.99996,0.00026272,0.0084842,-0.00027078,1,0.00094899,-0.0084849,-0.00095125,0.99996,0.99996,0.00026272,0.0084842,-0.00027078,1,0.00094899,-0.0084849,-0.00095125,0.99996,0.8508,0.57268,31.332
-0.0013812,0.00025375,30.821,0.051415,0.011945,23.315,73,-0.047811,-0.068688,-0.24253,-0.81587,-0.15486,9.9473,0.041556,0.3566,-0.15539,0.99996,-0.002113,0.0089112,0.0021265,1,-0.0014974,-0.0089078,0.0015163,0.99996,0.99996,-0.002113,0.0089112,0.0021265,1,-0.0014974,-0.0089078,0.0015163,0.99996,0.96958,0.61497,31.337
-0.0017501,4.1328e-06,30.825,0.058641,0.0067869,23.327,74,0.011112,-0.017165,0.176,5.0798,1.4438,9.9473,0.16317,-0.22263,0.013853,0.99994,0.0026471,0.010825,-0.0026408,1,-0.0005929,-0.010827,0.00056428,0.99994,0.99994,0.0026471,0.010825,-0.0026408,1,-0.0005929,-0.010827,0.00056428,0.99994,0.92729,0.57279,31.34
-0.0014256,0.00014212,30.822,0.055142,0.011044,23.324,75,-0.15537,-0.01873,0.036246,1.0987,-5.3689,19.895,-0.1716,0.032262,-0.11176,0.99997,-0.00022974,0.0082617,0.00024853,1,-0.0022733,-0.0082612,0.0022753,0.99996,0.99997,-0.00022974,0.0082617,0.00024853,1,-0.0022733,-0.0082612,0.0022753,0.99996,1.0673,0.59389,31.337
-0.0016418,-3.1847e-05,30.817,0.054415,0.01541,23.319,76,-0.18483,-0.022565,0.028166,0.17627,-0.059625,9.9473,-0.0022113,-0.0406,-0.064859,0.99995,2.1336e-05,0.010475,-3.5203e-05,1,0.0013238,-0.010475,-0.0013241,0.99994,0.99995,2.1336e-05,0.010475,-3.5203e-05,1,0.0013238,-0.010475,-0.0013241,0.99994,1.1562,0.59372,31.333
-0.0010622,0.0001633,30.801,0.044552,0.01554,23.294,77,-0.18463,-0.063224,0.15602,-0.31626,0,9.9473,0,0.03269,-0.015172,0.99993,-0.0079343,0.0085448,0.0079412,0.99997,-0.00076424,-0.0085372,0.00083204,0.99996,0.99993,-0.0079343,0.0085448,0.0079412,0.99997,-0.00076424,-0.0085372,0.00083204,0.99996,1.2161,0.59391,31.317
-0.0014145,6.6604e-05,30.808,0.054788,-0.011641,23.307,78,0.11174,0.0030495,0.01009,-2.4463,9.1725,9.9473,0.21523,0.14911,-0.36207,0.99997,-0.002138,0.0077182,0.0021292,1,0.0011459,-0.0077203,-0.0011295,0.99997,0.99997,-0.002138,0.0077182,0.0021292,1,0.0011459,-0.0077203,-0.0011295,0.99997,1.3258,0.61478,31.324
-0.0015983,-4.6886e-05,30.819,0.069477,0.023549,23.32,79,-0.1481,0.20503,0.43057,-9.9156,-12.529,9.9473,0.41897,-0.16931,0.87574,0.99995,-0.00063729,0.010252,0.00064711,1,-0.00095377,-0.010251,0.00096035,0.99995,0.99995,-0.00063729,0.010252,0.00064711,1,-0.00095377,-0.010251,0.00096035,0.99995,1.2837,0.57274,31.335
-0.0014095,-7.1715e-05,30.81,0.057082,0.013875,23.309,80,0.25175,-0.040498,0.10823,2.6162,3.7757,19.895,0.082856,-0.20236,0.25088,0.99997,-0.00038192,0.0080299,0.00036818,1,0.0017118,-0.0080306,-0.0017088,0.99997,0.99997,-0.00038192,0.0080299,0.00036818,1,0.0017118,-0.0080306,-0.0017088,0.99997,1.4236,0.59368,31.326
-0.0013141,0.00012638,30.825,0.050562,0.0037127,23.328,81,-0.050652,-0.088782,0.012789,1.6695,-1.6695,19.895,-0.05257,-0.05257,-0.13576,0.99997,3.7018e-05,0.0071942,-2.6196e-05,1,-0.0015043,-0.0071943,0.0015041,0.99997,0.99997,3.7018e-05,0.0071942,-2.6196e-05,1,-0.0015043,-0.0071943,0.0015041,0.99997,1.5424,0.59388,31.341
-0.0015089,0.00036943,30.822,0.065745,0.0020374,23.324,82,-0.021477,0.06457,-0.0078001,3.4337,-0.37462,9.9473,-0.010713,0.0016023,0.021212,0.99996,-0.00012545,0.0091083,0.00016629,0.99999,-0.0044825,-0.0091081,0.0044838,0.99995,0.99996,-0.00012545,0.0091083,0.00016629,0.99999,-0.0044825,-0.0091081,0.0044838,0.99995,1.6313,0.59412,31.337
-0.001242,0.00058509,30.818,0.064161,0.0064024,23.318,83,-0.28251,0.063481,0.024844,1.5795,0,9.9473,0,-0.046298,0.075972,0.99994,-0.0057301,0.009137,0.0057751,0.99997,-0.0049107,-0.0091079,0.0049632,0.99995,0.99994,-0.0057301,0.009137,0.0057751,0.99997,-0.0049107,-0.0091079,0.0049632,0.99995,1.6909,0.59434,31.334
-0.0013505,0.00031104,30.812,0.063875,0.011022,23.311,84,-0.16166,0.077382,-0.027507,1.7735,4.2505,19.895,0.066246,-0.58963,0.43153,0.99997,0.0001062,0.0080729,-8.193e-05,1,-0.0030067,-0.0080733,0.003006,0.99996,0.99997,0.0001062,0.0080729,-8.193e-05,1,-0.0030067,-0.0080733,0.003006,0.99996,1.7799,0.59406,31.327
-0.0014609,0.00019418,30.818,0.057148,-0.002254,23.319,85,-0.011031,0.0031764,0.089141,5.2412,4.2277,19.895,-0.42596,-0.18439,0.50411,0.99996,-0.00057305,0.0087404,0.00059032,1,-0.0019737,-0.0087393,0.0019788,0.99996,0.99996,-0.00057305,0.0087404,0.00059032,1,-0.0019737,-0.0087393,0.0019788,0.99996,1.8985,0.59394,31.334
-0.0014942,0.00046139,30.821,0.046397,-0.0020989,23.319,86,0.062641,-0.013024,-0.19119,3.4997,-4.9824,9.9473,0.13332,0.13451,0.19556,0.99998,0.0011074,0.0066496,-0.0010759,0.99999,-0.0047456,-0.0066546,0.0047384,0.99997,0.99998,0.0011074,0.0066496,-0.0010759,0.99999,-0.0047456,-0.0066546,0.0047384,0.99997,1.9963,0.61518,31.337
-0.001185,0.00019856,30.824,0.057381,-0.002712,23.326,87,-0.066888,-0.027344,-0.17184,0.76772,0.45162,9.9473,0.20662,0.24554,-0.12434,0.99997,-0.0025616,0.0071892,0.0025827,0.99999,-0.0029397,-0.0071818,0.0029582,0.99997,0.99997,-0.0025616,0.0071892,0.0025827,0.99999,-0.0029397,-0.0071818,0.0029582,0.99997,2.0385,0.57298,31.34
-0.001217,-5.242e-05,30.83,0.071867,5.0621e-05,23.335,88,0.037959,-0.07843,0.26862,2.1245,-0.66056,9.9473,-0.066915,-0.034982,0.035584,0.99999,-0.0035049,0.0021918,0.0035036,0.99999,0.00061222,-0.0021937,-0.00060454,1,0.99999,-0.0035049,0.0021918,0.0035036,0.99999,0.00061222,-0.0021937,-0.00060454,1,2.1363,0.62334,31.346
-0.00089897,-9.3233e-05,30.829,0.058533,0.0017498,23.329,89,0.034297,0.079632,0.21798,3.1388,2.6819,9.9473,-0.080836,0.10269,-0.029783,1,-0.0026466,0.0015959,0.0026456,1,0.00060836,-0.0015975,-0.00060413,1,1,-0.0026466,0.0015959,0.0026456,1,0.00060836,-0.0015975,-0.00060413,1,2.1366,0.56401,31.344
-0.00091982,0.00013029,30.836,0.043703,-0.0081815,23.341,90,0,0,-0.12073,0,0,1.4028,0,0,0,1,0.00095525,0,-0.00095525,1,0,0,0,1,1,0.00095525,0,-0.00095525,1,0,0,0,1,0.41471,0.65326,31.352
-0.00094255,0.0001049,30.828,0.063038,0.0033633,23.334,91,0.1292,0.14971,-0.41213,0.51189,0.8157,1.4028,-0.025866,0.016206,-0.040577,0.99998,0.006094,0.0010991,-0.0060944,0.99998,0.00042142,-0.0010965,-0.00042811,1,0.99998,0.006094,0.0010991,-0.0060944,0.99998,0.00042142,-0.0010965,-0.00042811,1,0.53343,0.65323,31.344
-0.0011938,0.00023924,30.83,0.061047,0.0085995,23.328,92,-0.52155,0.32913,0.74665,0.34461,-0.33145,1.4028,0.010412,0.01083,0.034228,0.99996,0.0027016,0.0082601,-0.0026819,0.99999,-0.0023985,-0.0082668,0.0023763,0.99996,0.99996,0.0027016,0.0082601,-0.0026819,0.99999,-0.0023985,-0.0082668,0.0023763,0.99996,0.65193,0.65336,31.345
-0.0013195,0.00024156,30.825,0.05595,-0.0019234,23.328,93,0.0021583,-0.00081801,-0.17488,0.091302,-0.16248,1.4028,-0.0053644,-0.002347,0.0025344,0.99994,-0.00028271,0.011098,0.00032724,0.99999,-0.0040107,-0.011097,0.0040141,0.99993,0.99994,-0.00028271,0.011098,0.00032724,0.99999,-0.0040107,-0.011097,0.0040141,0.99993,0.77056,0.65337,31.341
-0.0014477,0.00020593,30.818,0.062319,0.011701,23.316,94,-0.11589,0.037497,-0.097811,1.3115,0.47912,1.4028,0.010162,-0.051756,0.040779,0.99986,0.0056036,0.015645,-0.0055746,0.99998,-0.001898,-0.015656,0.0018105,0.99988,0.99986,0.0056036,0.015645,-0.0055746,0.99998,-0.001898,-0.015656,0.0018105,0.99988,0.88918,0.65333,31.334
-0.0014114,0.00013241,30.824,0.063219,0.0075967,23.328,95,-0.0027534,0.045668,-0.059209,0.37684,0.68525,1.4028,0.021366,-0.0087202,-0.013532,0.99991,0.00055713,0.013406,-0.00053165,1,-0.0019037,-0.013407,0.0018964,0.99991,0.99991,0.00055713,0.013406,-0.00053165,1,-0.0019037,-0.013407,0.0018964,0.99991,1.008,0.65326,31.34
-0.0013989,2.0718e-05,30.813,0.061787,0.019252,23.311,96,-0.16926,0.094482,-0.18965,0.22916,-0.88409,1.4028,-0.024866,-0.011515,0.014984,0.99991,-0.0038438,0.012886,0.0038527,0.99999,-0.00066384,-0.012882,0.00071343,0.99992,0.99991,-0.0038438,0.012886,0.0038527,0.99999,-0.00066384,-0.012882,0.00071343,0.99992,1.1267,0.65315,31.329
-0.0015158,-0.00027401,30.816,0.052419,0.015671,23.312,97,-0.13389,0.061177,-0.12657,20.174,14.183,1.4028,-0.34732,0.15684,0.10819,0.99977,0.012042,0.017834,-0.012105,0.99992,0.0034579,-0.017793,-0.003673,0.99984,0.99977,0.012042,0.017834,-0.012105,0.99992,0.0034579,-0.017793,-0.003673,0.99984,1.2454,0.65285,31.332
-0.0014221,-2.3588e-05,30.819,0.067973,0.0079924,23.319,98,-0.3879,0.35505,0.13848,-1.2126,4.4534,1.4028,0.029281,-0.17207,0.17884,0.99991,-2.4821e-05,0.013584,5.8709e-06,1,0.0013951,-0.013584,-0.0013949,0.99991,0.99991,-2.4821e-05,0.013584,5.8709e-06,1,0.0013951,-0.013584,-0.0013949,0.99991,1.3642,0.6531,31.335
-0.0012805,3.529e-05,30.821,0.040341,0.0057452,23.321,99,0.26922,-0.72662,-0.6897,-0.12712,0.12712,1.4028,-0.0040529,-0.0040529,0.0042009,0.99995,0.0030498,0.0093622,-0.0030541,1,0.0004499,-0.0093613,-0.00047847,0.99996,0.99995,0.0030498,0.0093622,-0.0030541,1,0.0004499,-0.0093613,-0.00047847,0.99996,1.4831,0.65316,31.337
-0.0012721,0.00022857,30.817,0.057609,0.0054587,23.311,100,0.06205,-0.0123,0.031664,0.21931,0.10223,1.4028,0.0037035,-0.0079154,-0.0045336,0.99995,0.0023831,0.0092948,-0.0023432,0.99999,-0.0043026,-0.0093054,0.0042807,0.99995,0.99995,0.0023831,0.0092948,-0.0023432,0.99999,-0.0043026,-0.0093054,0.0042807,0.99995,1.6018,0.65335,31.332
-0.0013373,0.00033516,30.823,0.063779,0.0057999,23.325,101,-0.24577,0.083096,0.18476,-0.16225,-0.12253,1.4028,0.0027855,-0.0029859,-0.0085163,0.99992,0.0041079,0.011686,-0.0040299,0.99997,-0.0066877,-0.011713,0.0066401,0.99991,0.99992,0.0041079,0.011686,-0.0040299,0.99997,-0.0066877,-0.011713,0.0066401,0.99991,1.7205,0.65346,31.339
-0.0013709,0.00022867,30.823,0.063664,-0.0060808,23.319,102,-0.091719,0.32382,0.16151,1.2236,1.4701,1.4028,-0.072725,-0.013791,0.052041,0.99991,-0.0012489,0.013483,0.0012777,1,-0.0021323,-0.01348,0.0021494,0.99991,0.99991,-0.0012489,0.013483,0.0012777,1,-0.0021323,-0.01348,0.0021494,0.99991,1.8392,0.65335,31.339
-0.0013293,0.00025791,30.816,0.055242,0.00098796,23.305,103,-0.030033,-0.039538,-0.092271,-0.48087,-0.58902,1.4028,-0.018549,0.01482,0.0034977,0.99993,-4.1017e-05,0.01158,8.8334e-05,0.99999,-0.0040857,-0.01158,0.0040865,0.99992,0.99993,-4.1017e-05,0.01158,8.8334e-05,0.99999,-0.0040857,-0.01158,0.0040865,0.99992,1.9581,0.65338,31.331
-0.0012762,-3.4475e-05,30.822,0.05793,-0.007694,23.315,104,0.07492,-0.030201,0.26546,0.50339,-0.16257,1.4028,0.0073319,0.0062128,0.015199,0.99993,0.0065914,0.0093106,-0.0065815,0.99998,-0.0010909,-0.0093193,0.0010296,0.99996,0.99993,0.0065914,0.0093106,-0.0065815,0.99998,-0.0010909,-0.0093193,0.0010296,0.99996,2.0768,0.65309,31.338
-0.00094333,1.0757e-05,30.828,0.055502,-0.0014848,23.334,105,-0.15298,0.051785,0.011828,0.032087,0.1478,1.4028,-0.0046223,0.0011467,0.0038531,0.99999,0.0033564,0.00095342,-0.0033568,0.99999,0.00049024,-0.00095202,-0.00049343,1,0.99999,0.0033564,0.00095342,-0.0033568,0.99999,0.00049024,-0.00095202,-0.00049343,1,2.1959,0.65314,31.343
-0.00095947,-0.00011317,30.836,0.05811,0.002609,23.341,106,0,0,-0.096004,0,0,1.4028,0,0,0,1,0.00026555,0,-0.00026555,1,0,0,0,1,1,0.00026555,0,-0.00026555,1,0,0,0,1,2.3147,0.65301,31.352
-0.0010064,6.8305e-05,30.828,0.063129,0.012807,23.331,107,-0.086135,0.020128,0.050491,4.7927,-8.9827,19.895,-0.34725,-0.48049,-0.45579,1,0.00091491,0.0020568,-0.00091376,1,-0.00055743,-0.0020573,0.00055555,1,1,0.00091491,0.0020568,-0.00091376,1,-0.00055743,-0.0020573,0.00055555,1,0.47399,0.71257,31.343
-0.0012087,0.00036657,30.827,0.057407,-0.00058201,23.327,108,-0.049179,0.096578,0.20701,1.3918,-0.73745,9.9473,-0.090741,-0.15095,0.12053,0.99998,-0.0018426,0.0061942,0.0018538,1,-0.0017888,-0.0061908,0.0018003,0.99998,0.99998,-0.0018426,0.0061942,0.0018538,1,-0.0017888,-0.0061908,0.0018003,0.99998,0.61351,0.73383,31.343
-0.0012498,0.00011003,30.827,0.068281,0.00049629,23.331,109,0.088145,0.23878,0.004269,-1.7073,-1.7073,9.9473,0.0136,-0.0136,-0.11594,0.99998,0.0025367,0.0051369,-0.0025328,1,-0.00076172,-0.0051392,0.0007487,0.99999,0.99998,0.0025367,0.0051369,-0.0025328,1,-0.00076172,-0.0051392,0.0007487,0.99999,0.57154,0.69165,31.343
-0.0014453,0.00020622,30.818,0.062618,0.0025301,23.319,110,-0.045027,0.027763,-0.034274,2.5924,-2.116,19.895,0.087504,-0.26763,0.0011653,0.99996,4.5108e-05,0.0089081,-2.6899e-05,1,-0.0020442,-0.0089083,0.0020439,0.99996,0.99996,4.5108e-05,0.0089081,-2.6899e-05,1,-0.0020442,-0.0089083,0.0020439,0.99996,0.71105,0.71271,31.334
-0.0014573,6.4496e-05,30.818,0.065002,0.008287,23.312,111,-0.074379,0.044322,0.053711,-1.6678,-0.7911,19.895,0.027313,-0.12219,0.012373,0.99996,-0.00039987,0.0089212,0.00040548,1,-0.00062779,-0.0089209,0.00063139,0.99996,0.99996,-0.00039987,0.0089212,0.00040548,1,-0.00062779,-0.0089209,0.00063139,0.99996,0.82979,0.71256,31.334
-0.0015243,0.00026019,30.819,0.058354,0.0079561,23.318,112,-0.028445,-0.023438,0.032246,13.601,-5.652,19.895,0.010253,0.43349,0.20433,0.99996,-0.00075685,0.0093768,0.00078088,1,-0.0025595,-0.0093748,0.0025667,0.99995,0.99996,-0.00075685,0.0093768,0.00078088,1,-0.0025595,-0.0093748,0.0025667,0.99995,0.94848,0.71276,31.335
-0.0013758,0.00015942,30.821,0.066329,0.016378,23.322,113,-0.13249,0.03786,0.078836,1.5735,-5.4702,19.895,0.064794,0.18248,-0.16682,0.99997,-0.00037446,0.0081542,0.00038721,1,-0.0015614,-0.0081536,0.0015645,0.99997,0.99997,-0.00037446,0.0081542,0.00038721,1,-0.0015614,-0.0081536,0.0015645,0.99997,1.0674,0.71266,31.336
-0.001627,-2.848e-05,30.804,0.078243,-5.9031e-05,23.296,114,-0.052456,0.13815,0.21525,-3.1123,4.822,9.9473,0.15572,0.12231,-0.18332,0.99995,-0.0046596,0.0090962,0.0046429,0.99999,0.0018643,-0.0091044,-0.0018219,0.99996,0.99995,-0.0046596,0.0090962,0.0046429,0.99999,0.0018643,-0.0091044,-0.0018219,0.99996,1.2068,0.73344,31.32
-0.00147,-0.00038437,30.818,0.06071,0.033149,23.32,115,-0.20169,0.052427,0.41947,2.6258,3.3812,9.9473,-0.16887,-0.083872,-0.10967,0.99992,-0.0068416,0.010568,0.0068337,0.99998,0.00078603,-0.010573,-0.00071375,0.99994,0.99992,-0.0068416,0.010568,0.0068337,0.99998,0.00078603,-0.010573,-0.00071375,0.99994,1.1651,0.69115,31.334
-0.0014252,6.1619e-06,30.811,0.067439,-0.0020539,23.306,116,-0.28547,0.082288,-0.025177,8.1044,1.1352,9.9473,0.037754,-0.02489,-0.10585,0.99996,0.0003615,0.0084555,-0.00035483,1,-0.00078963,-0.0084559,0.0007866,0.99996,0.99996,0.0003615,0.0084555,-0.00035483,1,-0.00078963,-0.0084559,0.0007866,0.99996,1.3258,0.73347,31.326
-0.0017722,2.4646e-05,30.812,0.044003,0.012716,23.312,117,-0.19393,-0.085552,0.34183,6.3091,-1.9505,9.9473,0.020568,0.15883,0.17366,0.99996,0.0032472,0.0086061,-0.003242,0.99999,-0.0006263,-0.0086086,0.00059837,0.99996,0.99996,0.0032472,0.0086061,-0.003242,0.99999,-0.0006263,-0.0086086,0.00059837,0.99996,1.2835,0.69156,31.327
-0.0014083,-2.294e-06,30.815,0.062556,0.0092292,23.316,118,-0.079199,0.057644,-0.034119,1.1702,-6.0021,19.895,-0.21481,-0.18686,0.28113,0.99997,-0.00053618,0.007953,0.00053694,1,-9.3809e-05,-0.007953,9.8077e-05,0.99997,0.99997,-0.00053618,0.007953,0.00053694,1,-9.3809e-05,-0.007953,9.8077e-05,0.99997,1.4236,0.7125,31.331
-0.001401,0.00017034,30.814,0.056126,0.0080673,23.312,119,-0.16297,-0.04022,0.020154,8.4374,0.45807,19.895,0.025088,-0.26028,-0.66342,0.99997,-0.00029634,0.007383,0.00030752,1,-0.0015123,-0.0073827,0.0015145,0.99997,0.99997,-0.00029634,0.007383,0.00030752,1,-0.0015123,-0.0073827,0.0015145,0.99997,1.5423,0.71267,31.329
-0.001288,0.0003208,30.815,0.063706,0.0081782,23.315,120,-0.11287,0.17916,-0.065723,-1.4446,-4.0821,19.895,0.50455,0.32693,0.21561,0.99998,-0.00058411,0.0067909,0.00060809,0.99999,-0.0035286,-0.0067889,0.0035327,0.99997,0.99998,-0.00058411,0.0067909,0.00060809,0.99999,-0.0035286,-0.0067889,0.0035327,0.99997,1.6612,0.71282,31.331
-0.0013611,0.00037236,30.808,0.0521,0.0091698,23.305,121,0.03019,-0.13131,-0.22731,-1.882,2.6236,9.9473,0.35339,0.27711,-0.014603,0.99996,-0.00078694,0.0084453,0.0008145,0.99999,-0.0032601,-0.0084426,0.0032668,0.99996,0.99996,-0.00078694,0.0084453,0.0008145,0.99999,-0.0032601,-0.0084426,0.0032668,0.99996,1.8008,0.73384,31.324
-0.0016964,0.0002082,30.815,0.068352,0.0029517,23.316,122,0.020809,0.062779,-0.044217,1.9979,-5.4576,9.9473,0.26634,0.29027,-0.0053318,0.99994,0.0020659,0.01059,-0.00204,0.99999,-0.0024588,-0.010596,0.0024371,0.99994,0.99994,0.0020659,0.01059,-0.00204,0.99999,-0.0024588,-0.010596,0.0024371,0.99994,1.7586,0.69174,31.331
-0.0014162,0.00019578,30.814,0.058832,0.0251,23.314,123,0.13577,0.0033078,0.55591,1.3786,1.7197,9.9473,0.02946,-0.67847,-0.0015221,0.99996,0.0010223,0.008477,-0.0010092,1,-0.0015524,-0.0084786,0.0015438,0.99996,0.99996,0.0010223,0.008477,-0.0010092,1,-0.0015524,-0.0084786,0.0015438,0.99996,1.8689,0.7127,31.33
-0.0014184,0.00016063,30.805,0.05813,-0.03842,23.297,124,0.25044,0.0035519,0.5916,2.4178,0.79368,9.9473,-0.0017581,0.16807,-0.047847,0.99996,0.0010297,0.0084779,-0.0010107,1,-0.0022428,-0.0084804,0.0022342,0.99996,0.99996,0.0010297,0.0084779,-0.0010107,1,-0.0022428,-0.0084804,0.0022342,0.99996,1.9282,0.71266,31.321
-0.0015665,0.00016648,30.82,0.042163,0.0018418,23.321,125,0.013927,-0.11465,0.12745,-3.7473,-6.2579,9.9473,0.47524,-0.55412,0.13279,0.99996,-0.0053229,0.0076557,0.0053315,0.99999,-0.0011073,-0.0076496,0.0011481,0.99997,0.99996,-0.0053229,0.0076557,0.0053315,0.99999,-0.0011073,-0.0076496,0.0011481,0.99997,2.0172,0.74231,31.336
-0.0014983,-4.0032e-05,30.819,0.026269,-0.0035323,23.321,126,-0.017521,-0.074252,0.51281,0.86906,-0.86906,9.9473,-0.084913,-0.084913,0.071429,0.99996,-0.0025755,0.009033,0.0025854,1,-0.0010789,-0.0090305,0.0011022,0.99996,0.99996,-0.0025755,0.009033,0.0025854,1,-0.0010789,-0.0090305,0.0011022,0.99996,2.0173,0.68281,31.335
