"DISPL:0","DISPL:1","DISPL:2","LINVEL:0","LINVEL:1","LINVEL:2","NUMBER","ANGVEL:0","ANGVEL:1","ANGVEL:2","FORCE:0","FORCE:1","FORCE:2","TORQUE:0","TORQUE:1","TORQUE:2","ORIENT:0","ORIENT:1","ORIENT:2","ORIENT:3","ORIENT:4","ORIENT:5","ORIENT:6","ORIENT:7","ORIENT:8","ORIENT1:0","ORIENT1:1","ORIENT1:2","ORIENT2:0","ORIENT2:1","ORIENT2:2","ORIENT3:0","ORIENT3:1","ORIENT3:2","Points:0","Points:1","Points:2"
-0.00068818,0,0,0.057973,0,0,0,0,0,0,3014.2,0,0,0,0,0,1,0,0,0,1,0,0,0,1,1,0,0,0,1,0,0,0,1,1.3649,1.3656,0.4125
-0.00096563,0.00011422,30.836,0.058855,0.0030201,23.341,1,0,0,-0.10453,0.10278,-0.04225,1.4028,0,0,0,1,-0.00036358,0,0.00036358,1,0,0,0,1,1,-0.00036358,0,0.00036358,1,0,0,0,1,0.77091,0.29699,31.352
-0.00083865,-5.3337e-05,30.828,0.062707,-0.0056098,23.334,2,0.15418,0.20561,-0.032543,0,0,1.4028,0,0,0,1,0.00085604,-0.00030677,-0.00085594,1,0.00034151,0.00030651,-0.00034125,1,1,0.00085604,-0.00030677,-0.00085594,1,0.00034151,0.00030651,-0.00034125,1,0.88979,0.29682,31.344
-0.0009885,2.0501e-05,30.829,0.040904,0.002908,23.335,3,0.026524,0.13874,0.31607,0.038464,0.038464,1.4028,-0.0012222,0.0012222,0.0012794,0.99996,0.0075979,0.0039947,-0.0076008,0.99997,0.00072238,-0.0039895,-0.00075272,0.99999,0.99996,0.0075979,0.0039947,-0.0076008,0.99997,0.00072238,-0.0039895,-0.00075272,0.99999,1.0084,0.2969,31.345
-0.00085434,-0.00014356,30.831,0.063938,0.00022933,23.337,4,0.03532,0.036997,-0.18482,0.17196,-0.0596,1.4028,0.0018859,0.0054598,-0.003102,0.99999,0.00403,0.00059676,-0.0040297,0.99999,-0.00054908,-0.00059931,0.00054667,1,0.99999,0.00403,0.00059676,-0.0040297,0.99999,-0.00054908,-0.00059931,0.00054667,1,1.1273,0.29673,31.347
-0.00087912,-5.89e-05,30.828,0.046576,-0.015509,23.335,5,0.063321,0.089794,-0.25857,0.055798,1.0668,1.4028,-0.033848,0.0017803,0.0090927,0.99999,0.0037151,0.0019062,-0.0037145,0.99999,-0.00035077,-0.0019077,0.00034368,1,0.99999,0.0037151,0.0019062,-0.0037145,0.99999,-0.00035077,-0.0019077,0.00034368,1,1.246,0.29682,31.344
-0.00084603,3.363e-05,30.83,0.052513,-0.0089241,23.336,6,0.12471,0.057368,-0.18279,0,0,1.4028,0,0,0,0.99999,0.0045409,0.0014562,-0.0045377,0.99999,-0.0022068,-0.0014667,0.0022001,1,0.99999,0.0045409,0.0014562,-0.0045377,0.99999,-0.0022068,-0.0014667,0.0022001,1,1.3648,0.29691,31.346
-0.0008964,1.3811e-05,30.829,0.062184,0.00069198,23.33,7,-0.01831,0.065291,-0.099746,0.03857,0.03857,1.4028,0.0012255,-0.0012255,-0.0012829,0.99998,0.0045369,0.0032082,-0.0045367,0.99999,-6.6094e-05,-0.0032084,5.1538e-05,0.99999,0.99998,0.0045369,0.0032082,-0.0045367,0.99999,-6.6094e-05,-0.0032084,5.1538e-05,0.99999,1.4835,0.29689,31.345
-0.00087201,3.6756e-05,30.831,0.055476,0.013969,23.337,8,0.13285,0.1049,0.31156,0.92519,0.37735,1.4028,0.01985,-0.0025759,-0.012312,0.99999,0.0037165,0.0027245,-0.003717,0.99999,0.00016139,-0.0027243,-0.00017152,1,0.99999,0.0037165,0.0027245,-0.003717,0.99999,0.00016139,-0.0027243,-0.00017152,1,1.6022,0.29691,31.347
-0.00092433,4.1092e-05,30.828,0.067034,0.013139,23.335,9,-0.11929,-0.071077,0.17929,1.7639,-2.1956,1.4028,0.069609,0.05591,0.062779,0.99999,0.0034064,0.00071219,-0.0034066,0.99999,0.00025473,-0.00071256,-0.00025716,1,0.99999,0.0034064,0.00071219,-0.0034066,0.99999,0.00025473,-0.00071256,-0.00025716,1,1.721,0.29692,31.344
-0.00079548,0.00012025,30.828,0.055298,0.0012288,23.334,10,0.30902,-0.1143,0.068109,-0.38736,0.38736,1.4028,-0.012306,-0.012306,-0.012885,1,0.002092,-0.0011558,-0.002094,1,-0.0017444,0.0011518,0.0017468,1,1,0.002092,-0.0011558,-0.002094,1,-0.0017444,0.0011518,0.0017468,1,1.8398,0.297,31.344
-0.00095666,-0.00013457,30.836,0.060844,-0.0014687,23.341,11,0,0,-0.30753,6.6876,-5.1057,1.4028,0,0,0.18797,1,-0.0013267,0,0.0013267,1,0,0,0,1,1,-0.0013267,0,0.0013267,1,0,0,0,1,1.9584,0.29674,31.352
-0.00094281,0.00043109,30.827,0.058867,-0.0044002,23.331,12,0.013183,0.0048828,-0.098306,1.3025,-1.4695,9.9473,0.15167,0.13433,0.016984,0.99997,0.0080769,0.00087562,-0.008076,0.99997,-0.0010918,-0.00088465,0.0010846,1,0.99997,0.0080769,0.00087562,-0.008076,0.99997,-0.0010918,-0.00088465,0.0010846,1,0.80066,0.35668,31.343
-0.00089249,-0.0004181,30.821,0.06011,-0.0056038,23.321,13,0.079079,-0.008435,-0.096766,0.75773,0.43098,9.9473,-0.044457,0.078113,0.055805,0.99997,0.0080751,0.0013915,-0.0080749,0.99997,-9.8177e-05,-0.0013923,8.6939e-05,1,0.99997,0.0080751,0.0013915,-0.0080749,0.99997,-9.8177e-05,-0.0013923,8.6939e-05,1,0.86,0.35583,31.337
-0.001019,-0.0002162,30.827,0.053253,-0.0060685,23.33,14,0.051315,0.065364,-0.076311,0.73542,0.73542,19.895,0.023338,-0.023338,-0.059664,0.99999,0.0014127,0.0028997,-0.00142,1,0.0025445,-0.0028963,-0.0025486,0.99999,0.99999,0.0014127,0.0028997,-0.00142,1,0.0025445,-0.0028963,-0.0025486,0.99999,0.94898,0.35603,31.343
-0.0014821,-0.00022169,30.827,0.03843,-0.007513,23.326,15,0.027703,-0.056399,-0.42864,0.64455,0.64455,9.9473,0.020412,-0.020412,-0.03307,0.99998,-0.0028927,0.0059307,0.0028759,0.99999,0.0028442,-0.005939,-0.0028271,0.99998,0.99998,-0.0028927,0.0059307,0.0028759,0.99999,0.0028442,-0.005939,-0.0028271,0.99998,1.0376,0.35603,31.343
-0.00095905,-0.00012564,30.83,0.054491,-0.0023463,23.335,16,0.17831,0.08925,0.075263,-0.26865,0,9.9473,0,-0.0084981,-0.015416,1,0.00019191,0.0026657,-0.00019229,1,0.00014208,-0.0026655,-0.00014259,1,1,0.00019191,0.0026657,-0.00019229,1,0.00014208,-0.0026655,-0.00014259,1,1.0974,0.35612,31.346
-0.0010085,-0.0002116,30.83,0.05684,-0.011788,23.333,17,0.10747,0.017846,-0.0042663,2.0084,0.87532,19.895,0.0074136,0.028434,0.078718,0.99999,0.0015348,0.0035639,-0.0015438,1,0.0025248,-0.0035602,-0.0025303,0.99999,0.99999,0.0015348,0.0035639,-0.0015438,1,0.0025248,-0.0035602,-0.0025303,0.99999,1.1865,0.35604,31.345
-0.0010412,-9.7661e-05,30.823,0.05693,-0.01405,23.327,18,0.14584,0.086063,0.040272,6.9054,-1.6077,19.895,-0.050705,0.49546,0.12489,0.99999,0.0021451,0.0033528,-0.0021489,1,0.0011256,-0.0033506,-0.0011328,0.99999,0.99999,0.0021451,0.0033528,-0.0021489,1,0.0011256,-0.0033506,-0.0011328,0.99999,1.3052,0.35615,31.339
-0.001033,-4.1263e-07,30.83,0.062255,-0.001394,23.331,19,0.05298,0.12526,0.061654,5.7411,0.50473,19.895,0.14528,0.36026,-0.0118,0.99999,0.0021648,0.0033944,-0.002164,1,-0.00021436,-0.003395,0.00020701,0.99999,0.99999,0.0021648,0.0033944,-0.002164,1,-0.00021436,-0.003395,0.00020701,0.99999,1.424,0.35625,31.346
-0.0010605,7.3508e-05,30.831,0.058099,-0.0017697,23.334,20,0.049336,0.0043348,0.039208,2.5871,-2.4673,19.895,-0.021028,0.28116,0.21128,0.99999,0.0025311,0.0036337,-0.0025284,1,-0.00075458,-0.0036359,0.00074538,0.99999,0.99999,0.0025311,0.0036337,-0.0025284,1,-0.00075458,-0.0036359,0.00074538,0.99999,1.5427,0.35632,31.347
-0.001094,0.00014807,30.828,0.042328,-0.0014442,23.331,21,-0.018576,-0.060245,-0.07032,-0.48601,0,9.9473,0,0.050085,0.023403,0.99999,0.0011642,0.0033153,-0.001164,1,-5.698e-05,-0.0033153,5.312e-05,0.99999,0.99999,0.0011642,0.0033153,-0.001164,1,-5.698e-05,-0.0033153,5.312e-05,0.99999,1.6318,0.3564,31.344
-0.0010466,0.00011669,30.828,0.057355,0.0061194,23.332,22,-0.063996,-0.033862,0.17759,1.9639,-0.40129,9.9473,0.012782,0.13085,0.046244,0.99999,0.0021326,0.0032944,-0.0021248,0.99999,-0.0023541,-0.0032992,0.002347,0.99999,0.99999,0.0021326,0.0032944,-0.0021248,0.99999,-0.0023541,-0.0032992,0.002347,0.99999,1.6911,0.35637,31.344
-0.0011615,9.1747e-05,30.83,0.043036,0.0093563,23.33,23,-0.083376,-0.023198,0.15285,-13.353,0,9.9473,0,-1.379,0.36221,0.99999,0.0015013,0.0050012,-0.0015045,1,0.00063651,-0.0049999,-0.00064402,0.99999,0.99999,0.0015013,0.0050012,-0.0015045,1,0.00063651,-0.0049999,-0.00064402,0.99999,1.7591,0.37731,31.346
-0.00088997,0.00027977,30.83,0.057217,0.0038591,23.324,24,-0.15511,0.10167,-0.12367,0,0,9.9473,0,0,0,1,0.00058149,0.00067896,-0.00057887,0.99999,-0.0038575,-0.00068092,0.0038571,0.99999,1,0.00058149,0.00067896,-0.00057887,0.99999,-0.0038575,-0.00068092,0.0038571,0.99999,1.8013,0.33557,31.346
-0.0011986,2.5929e-05,30.825,0.065031,0.0078709,23.327,25,-0.069453,0.04358,-0.19422,6.6948,-2.1304,9.9473,-0.17397,0.018367,-0.037456,0.99999,-0.0048475,0.0014718,0.0048477,0.99999,-0.00017392,-0.001471,0.00018105,1,0.99999,-0.0048475,0.0014718,0.0048477,0.99999,-0.00017392,-0.001471,0.00018105,1,1.8988,0.38592,31.34
-0.0007792,2.6088e-05,30.825,0.064542,0.007947,23.322,26,-0.069342,-0.068088,-0.19987,6.6131,-2.78,9.9473,0.0089724,0.08257,-0.055743,0.99998,-0.0048301,0.0038641,0.0048308,0.99999,-0.00016342,-0.003863,0.00018208,0.99999,0.99998,-0.0048301,0.0038641,0.0048308,0.99999,-0.00016342,-0.003863,0.00018208,0.99999,1.8992,0.32663,31.341
-0.00096484,0.00010989,30.836,0.064252,0.001913,23.341,27,0,0,-0.022555,0,0,1.4028,0,0,0,1,-9.0389e-05,0,9.0389e-05,1,0,0,0,1,1,-9.0389e-05,0,9.0389e-05,1,0,0,0,1,0.65216,0.41573,31.352
-0.0010258,-3.427e-05,30.83,0.066544,0.0019226,23.336,28,-0.063404,0.061863,-0.20745,0.61244,0.066876,1.4028,-0.0021193,0.019406,-0.0022345,0.99998,0.0056402,0.0019832,-0.0056402,0.99998,2.3424e-05,-0.0019829,-3.461e-05,1,0.99998,0.0056402,0.0019832,-0.0056402,0.99998,2.3424e-05,-0.0019829,-3.461e-05,1,0.77085,0.41559,31.346
-0.0012222,-0.00022844,30.823,0.065401,-0.0026614,23.322,29,0.13699,0.23731,-0.19589,0.97653,0.3661,1.4028,0.011696,-0.031058,-0.024496,0.99996,0.0031121,0.0088716,-0.0031304,0.99999,0.002048,-0.0088657,-0.0020757,0.99996,0.99996,0.0031121,0.0088716,-0.0031304,0.99999,0.002048,-0.0088657,-0.0020757,0.99996,0.8894,0.4154,31.339
-0.0011594,-0.00040477,30.826,0.061411,-0.0052343,23.327,30,0.051555,-0.0074817,-0.12656,0.26997,-0.12479,1.4028,-0.0039596,-0.0085614,0.0072127,0.99997,0.00027221,0.0073804,-0.00032337,0.99998,0.0069309,-0.0073784,-0.0069331,0.99995,0.99997,0.00027221,0.0073804,-0.00032337,0.99998,0.0069309,-0.0073784,-0.0069331,0.99995,1.0082,0.41522,31.342
-0.0012034,-0.00027772,30.824,0.057073,-0.0022039,23.317,31,0.17797,0.060386,-0.27468,-0.40108,-0.41328,1.4028,0.0079237,-0.013804,0.016752,0.99995,0.004092,0.0089542,-0.0041163,0.99999,0.0026926,-0.0089436,-0.0027293,0.99996,0.99995,0.004092,0.0089542,-0.0041163,0.99999,0.0026926,-0.0089436,-0.0027293,0.99996,1.1269,0.41535,31.34
-0.0012143,-0.00019718,30.826,0.066399,-0.014685,23.329,32,0.14475,0.042145,-0.25162,0,0,1.4028,0,0,0,0.99996,0.0029472,0.0082548,-0.0029617,0.99999,0.0017502,-0.0082497,-0.0017746,0.99996,0.99996,0.0029472,0.0082548,-0.0029617,0.99999,0.0017502,-0.0082497,-0.0017746,0.99996,1.2457,0.41543,31.342
-0.0012496,-4.407e-05,30.821,0.060472,-0.0076023,23.321,33,0.13714,0.088557,-0.010319,0.042574,0.050487,1.4028,0.0016313,-0.00091517,-0.0019213,0.99996,0.0026221,0.0082517,-0.0026257,1,0.00042366,-0.0082508,-0.00044531,0.99997,0.99996,0.0026221,0.0082517,-0.0026257,1,0.00042366,-0.0082508,-0.00044531,0.99997,1.3644,0.41558,31.336
-0.0012616,1.6947e-05,30.823,0.05874,-0.0051032,23.323,34,0.20227,-0.0064247,-0.16943,0.52558,-0.66511,1.4028,-0.00045563,0.0044114,-0.0098012,0.99996,0.0021014,0.0085717,-0.002096,1,-0.00064431,-0.0085732,0.00062632,0.99996,0.99996,0.0021014,0.0085717,-0.002096,1,-0.00064431,-0.0085732,0.00062632,0.99996,1.4831,0.41564,31.339
-0.0012051,0.00020947,30.824,0.056478,-0.006196,23.325,35,0.073535,0.018131,-0.1535,0.49983,0.51959,1.4028,0.016517,-0.01577,-0.014668,0.99997,0.0022724,0.0080425,-0.002257,1,-0.0019239,-0.0080471,0.0019057,0.99997,0.99997,0.0022724,0.0080425,-0.002257,1,-0.0019239,-0.0080471,0.0019057,0.99997,1.6019,0.41583,31.339
-0.0012287,0.00015413,30.825,0.061378,0.0053506,23.326,36,-0.026265,0.07542,-0.37228,0.83735,0.14055,1.4028,0.010349,-0.0036961,0.015536,0.99996,0.0033273,0.0078348,-0.0033068,0.99999,-0.0026354,-0.0078443,0.0026094,0.99997,0.99996,0.0033273,0.0078348,-0.0033068,0.99999,-0.0026354,-0.0078443,0.0026094,0.99997,1.7207,0.41578,31.34
-0.0012669,0.00017623,30.828,0.055913,0.013966,23.323,37,-0.39458,-0.025214,0.2754,0,0,1.4028,0,0,0,0.99995,0.0047826,0.0091069,-0.0047542,0.99998,-0.0031339,-0.0091233,0.0030904,0.99995,0.99995,0.0047826,0.0091069,-0.0047542,0.99998,-0.0031339,-0.0091233,0.0030904,0.99995,1.8394,0.4158,31.344
-0.00098945,0.00010808,30.831,0.054775,0.0030351,23.337,38,0.24138,0.092563,0.0078678,1.0714,-1.0938,1.4028,0.034698,0.033989,-0.038312,1,0.00092341,0.0021222,-0.00091941,1,-0.0018836,-0.0021243,0.0018817,1,1,0.00092341,0.0021222,-0.00091941,1,-0.0018836,-0.0021243,0.0018817,1,1.9584,0.41573,31.346
-0.00092879,-0.0001692,30.836,0.056451,0.0060898,23.341,39,0,0,0.24107,0,0,1.4028,0,0,0,1,-0.0030411,0,0.0030411,1,0,0,0,1,1,-0.0030411,0,0.0030411,1,0,0,0,1,2.0772,0.41546,31.352
-0.00097669,-7.5665e-05,30.826,0.06081,0.01082,23.328,40,-0.11413,-0.01786,0.029824,5.992,-1.6145,19.895,-0.46194,-0.32319,0.025309,1,-0.0002345,0.0012378,0.00023354,1,0.00077529,-0.001238,-0.000775,1,1,-0.0002345,0.0012378,0.00023354,1,0.00077529,-0.001238,-0.000775,1,0.71152,0.47492,31.341
-0.0013087,-0.00018653,30.824,0.070729,0.0065168,23.325,41,0.0062897,0.20336,0.052883,1.4555,0.92013,19.895,-0.029022,0.046064,-0.10547,0.99998,-0.0018045,0.0063486,0.0017919,1,0.0019808,-0.0063522,-0.0019694,0.99998,0.99998,-0.0018045,0.0063486,0.0017919,1,0.0019808,-0.0063522,-0.0019694,0.99998,0.82994,0.47481,31.34
-0.0014171,0.00023722,30.825,0.063209,-0.0025021,23.328,42,0.10274,0.087291,0.061439,0.93093,0.18976,9.9473,0.1872,-0.16344,-0.08088,0.99994,0.008309,0.007444,-0.0083249,0.99996,0.0021058,-0.0074266,-0.0021677,0.99997,0.99994,0.008309,0.007444,-0.0083249,0.99996,0.0021058,-0.0074266,-0.0021677,0.99997,0.91894,0.47524,31.341
-0.0013969,-0.00071908,30.819,0.063973,-0.00096681,23.319,43,-0.063519,0.094365,0.064884,0.86342,0.86342,9.9473,0.027459,-0.027459,0.044772,0.99993,0.0086941,0.0074988,-0.0087249,0.99995,0.0040877,-0.0074633,-0.0041529,0.99996,0.99993,0.0086941,0.0074988,-0.0087249,0.99995,0.0040877,-0.0074633,-0.0041529,0.99996,0.97825,0.47428,31.335
-0.0012737,-0.00052468,30.822,0.061669,-0.0022244,23.319,44,0.2084,0.076011,0.035232,0.75247,0.75247,19.895,-0.023896,0.023896,0.061033,0.99998,0.00029215,0.0066293,-0.00033004,0.99998,0.0057148,-0.0066276,-0.0057168,0.99996,0.99998,0.00029215,0.0066293,-0.00033004,0.99998,0.0057148,-0.0066276,-0.0057168,0.99996,1.0675,0.47448,31.338
-0.0012816,-0.00030907,30.821,0.060387,-0.010506,23.317,45,0.080777,0.060263,-0.049755,1.1842,3.0156,19.895,-0.0029414,-0.13005,-0.081264,0.99998,-0.0011137,0.0064152,0.00109,0.99999,0.0036974,-0.0064193,-0.0036903,0.99997,0.99998,-0.0011137,0.0064152,0.00109,0.99999,0.0036974,-0.0064193,-0.0036903,0.99997,1.1862,0.47469,31.336
-0.0013268,-0.00016518,30.818,0.05455,-0.0026822,23.319,46,0.10191,-0.035263,-0.021772,3.0851,5.6535,19.895,0.17985,0.084919,-0.052905,0.99997,-0.00067265,0.0071017,0.00066386,1,0.0012402,-0.0071026,-0.0012355,0.99997,0.99997,-0.00067265,0.0071017,0.00066386,1,0.0012402,-0.0071026,-0.0012355,0.99997,1.3049,0.47483,31.333
-0.0013348,-4.9266e-05,30.823,0.057396,-0.0071498,23.325,47,0.096822,-0.070363,0.13989,5.0937,-1.4907,19.895,-0.046879,-0.23723,-0.12902,0.99998,-0.0009161,0.0069952,0.00091666,1,-7.6711e-05,-0.0069952,8.3122e-05,0.99998,0.99998,-0.0009161,0.0069952,0.00091666,1,-7.6711e-05,-0.0069952,8.3122e-05,0.99998,1.4237,0.47495,31.339
-0.0012369,-2.329e-05,30.823,0.052645,-0.001142,23.314,48,-0.0086205,-0.026685,0.083725,4.295,2.8592,9.9473,0.2805,-0.43656,0.15522,0.99998,0.00028538,0.0065998,-0.00028032,1,-0.00076833,-0.0066,0.00076646,0.99998,0.99998,0.00028538,0.0065998,-0.00028032,1,-0.00076833,-0.0066,0.00076646,0.99998,1.5635,0.49594,31.339
-0.0015296,8.5851e-05,30.824,0.058396,-0.00281,23.326,49,0.011337,-0.047392,-0.039162,-1.3622,-2.6625,9.9473,-0.2735,0.25944,-0.12879,0.99997,0.0027024,0.0073593,-0.0026925,1,-0.0013483,-0.007363,0.0013284,0.99997,0.99997,0.0027024,0.0073593,-0.0026925,1,-0.0013483,-0.007363,0.0013284,0.99997,1.5213,0.45412,31.339
-0.0013157,0.00024864,30.822,0.051658,-0.0021579,23.323,50,-0.092764,-0.01101,0.14414,1.2233,-0.45201,9.9473,-0.014275,-0.02938,0.016849,0.99998,-0.00085251,0.0063549,0.00086344,1,-0.0017172,-0.0063539,0.0017227,0.99998,0.99998,-0.00085251,0.0063549,0.00086344,1,-0.0017172,-0.0063539,0.0017227,0.99998,1.6315,0.47525,31.338
-0.0012161,0.00024434,30.819,0.060074,0.016453,23.319,51,-0.086213,-0.050899,-0.10747,12.225,0,9.9473,0,1.2329,0.58379,0.99998,-0.0028793,0.0063325,0.0028972,0.99999,-0.0028222,-0.0063241,0.0028405,0.99998,0.99998,-0.0028793,0.0063325,0.0028972,0.99999,-0.0028222,-0.0063241,0.0028405,0.99998,1.6909,0.47524,31.335
-0.0013658,0.00010601,30.819,0.048431,-0.0067308,23.319,52,0.0016994,-0.083753,0.087728,-1.1602,2.1987,19.895,0.12378,0.15712,0.19678,0.99998,-0.0016078,0.0066857,0.0016184,1,-0.0015804,-0.006683,0.0015911,0.99998,0.99998,-0.0016078,0.0066857,0.0016184,1,-0.0015804,-0.006683,0.0015911,0.99998,1.7799,0.47511,31.334
-0.0016499,0.00032045,30.832,0.062702,0.0067592,23.337,53,0.054472,0.0017839,0.16282,0.38691,-0.65162,9.9473,0.044989,-0.012368,0.023131,0.99995,-8.7018e-05,0.0099842,0.00011373,1,-0.0026747,-0.0099837,0.0026757,0.99995,0.99995,-8.7018e-05,0.0099842,0.00011373,1,-0.0026747,-0.0099837,0.0026757,0.99995,1.8774,0.49628,31.347
-0.0011869,0.00016803,30.83,0.046387,0.0094914,23.323,54,0.013836,-0.11407,0.011073,0,0,9.9473,0,0,0,0.99999,0.000354,0.0047579,-0.00034261,1,-0.0023947,-0.0047589,0.0023931,0.99999,0.99999,0.000354,0.0047579,-0.00034261,1,-0.0023947,-0.0047589,0.0023931,0.99999,1.9198,0.4542,31.346
-0.00092253,4.2703e-05,30.83,0.063518,-0.0038641,23.333,55,-0.0076314,0.0071302,-0.031351,1.5184,2.2645,19.895,-0.15116,-0.030145,-0.04103,1,-0.00062868,0.00239,0.00062763,1,0.00043978,-0.0023903,-0.00043828,1,1,-0.00062868,0.00239,0.00062763,1,0.00043978,-0.0023903,-0.00043828,1,2.0178,0.47504,31.346
-0.00095078,0.00011666,30.836,0.051196,-0.0064768,23.341,56,0,0,0.3792,0,0,1.4028,0,0,0,1,-0.00090651,0,0.00090651,1,0,0,0,1,1,-0.00090651,0,0.00090651,1,0,0,0,1,0.53342,0.53449,31.352
-0.00096195,-2.43e-05,30.829,0.060215,0.0051294,23.326,57,-0.076898,0.074855,0.039047,-0.028196,-0.12927,1.4028,0.0040912,-0.0010223,-0.0031789,1,0.0026994,0.00066203,-0.0026994,1,4.9187e-05,-0.000662,-5.0975e-05,1,1,0.0026994,0.00066203,-0.0026994,1,4.9187e-05,-0.000662,-5.0975e-05,1,0.65216,0.53435,31.345
-0.0011208,-0.00027556,30.825,0.056412,0.016361,23.325,58,0.0075891,0.2924,0.25127,0.33827,0.12267,1.4028,0.062318,-0.069157,-0.030486,0.99997,-0.0032177,0.0063184,0.0032008,0.99999,0.002688,-0.0063265,-0.0026677,0.99998,0.99997,-0.0032177,0.0063184,0.0032008,0.99999,0.002688,-0.0063265,-0.0026677,0.99998,0.77075,0.5341,31.34
-0.0013016,-0.00029327,30.825,0.063394,-0.0018957,23.326,59,0.14095,0.14123,-0.14172,0.041947,-0.49587,1.4028,0.0030818,-0.012124,0.018843,0.99993,-0.00039158,0.011827,0.00035167,0.99999,0.0033762,-0.011828,-0.0033718,0.99992,0.99993,-0.00039158,0.011827,0.00035167,0.99999,0.0033762,-0.011828,-0.0033718,0.99992,0.88932,0.53408,31.34
-0.0012545,-0.00031571,30.824,0.055968,-0.0163,23.326,60,0.48391,-0.065991,0.076867,0,0,1.4028,0,0,0,0.99993,-0.0043793,0.010987,0.0043405,0.99998,0.0035556,-0.011002,-0.0035076,0.99993,0.99993,-0.0043793,0.010987,0.0043405,0.99998,0.0035556,-0.011002,-0.0035076,0.99993,1.0081,0.53406,31.34
-0.0011557,-0.00041788,30.827,0.06334,-0.0018249,23.326,61,0.12273,0.25015,-0.062191,0.46294,-0.29068,1.4028,-0.002458,-0.0082502,0.0071182,0.99996,0.0033776,0.0076731,-0.0034296,0.99997,0.0067792,-0.0076495,-0.0068053,0.99995,0.99996,0.0033776,0.0076731,-0.0034296,0.99997,0.0067792,-0.0076495,-0.0068053,0.99995,1.127,0.53396,31.343
-0.0012804,-0.00022803,30.821,0.059774,-0.0090043,23.322,62,0.23202,0.026978,0.019227,0.22398,-0.061478,1.4028,0.0026127,-0.003267,0.00042112,0.99995,0.002332,0.0096566,-0.0023719,0.99999,0.0041254,-0.0096474,-0.0041481,0.99994,0.99995,0.002332,0.0096566,-0.0023719,0.99999,0.0041254,-0.0096474,-0.0041481,0.99994,1.2456,0.53415,31.337
-0.0013154,-0.00013684,30.824,0.05579,-0.0065,23.326,63,-0.0061092,-0.10863,-0.29772,0,0,1.4028,0,0,0,0.99993,0.0043935,0.010692,-0.0044115,0.99999,0.0016673,-0.010685,-0.0017144,0.99994,0.99993,0.0043935,0.010692,-0.0044115,0.99999,0.0016673,-0.010685,-0.0017144,0.99994,1.3643,0.53424,31.339
-0.001316,1.2341e-05,30.826,0.050128,-0.0084983,23.33,64,0.16675,-0.15775,-0.14423,0.1947,0.43025,1.4028,0.013177,-0.0047647,0.035558,0.99994,0.0036517,0.010401,-0.0036294,0.99999,-0.0021561,-0.01041,0.0021183,0.99994,0.99994,0.0036517,0.010401,-0.0036294,0.99999,-0.0021561,-0.01041,0.0021183,0.99994,1.4831,0.53439,31.342
-0.0013468,0.00010545,30.82,0.055682,-0.0059014,23.319,65,0.075422,0.0062196,-0.3056,-0.31205,0.76202,1.4028,0.023992,0.009524,0.040693,0.99991,0.0067902,0.011463,-0.006773,0.99998,-0.0015378,-0.011473,0.00146,0.99993,0.99991,0.0067902,0.011463,-0.006773,0.99998,-0.0015378,-0.011473,0.00146,0.99993,1.6018,0.53448,31.336
-0.001242,-1.0758e-05,30.822,0.056953,-0.0030648,23.321,66,0.055449,-0.026689,-0.56677,0.10254,0.0015527,1.4028,4.9251e-05,-0.0032526,-2.353e-07,0.99997,0.0014752,0.0080026,-0.0014767,1,0.00018231,-0.0080028,-0.00019412,0.99997,0.99997,0.0014752,0.0080026,-0.0014767,1,0.00018231,-0.0080028,-0.00019412,0.99997,1.7206,0.53436,31.338
-0.001268,-2.1858e-05,30.821,0.048473,0.0048772,23.319,67,-0.028818,-0.35226,-0.09934,-0.68549,0.18418,1.4028,-0.018345,-0.027586,0.074624,0.99996,0.0024223,0.0087838,-0.0024265,1,0.00046106,-0.0087836,-0.00048235,0.99996,0.99996,0.0024223,0.0087838,-0.0024265,1,0.00046106,-0.0087836,-0.00048235,0.99996,1.8394,0.53435,31.337
-0.0011462,0.00013032,30.829,0.054904,0.0033052,23.329,68,-0.35965,0.36292,-0.54302,0,0,1.4028,0,0,0,0.99998,0.00084923,0.0055354,-0.00083722,1,-0.00217,-0.0055383,0.0021653,0.99998,0.99998,0.00084923,0.0055354,-0.00083722,1,-0.00217,-0.0055383,0.0021653,0.99998,1.9582,0.53451,31.344
-0.00098839,3.7828e-05,30.83,0.0612,0.0014302,23.336,69,0.1766,0.24036,-0.035055,0.46432,0.028436,1.4028,-0.0009012,0.014727,-0.00052222,0.99999,0.0036679,0.0021177,-0.0036659,0.99999,-0.00097138,-0.0021219,0.00096361,1,0.99999,0.0036679,0.0021177,-0.0036659,0.99999,-0.00097138,-0.0021219,0.00096361,1,2.0771,0.53441,31.346
-0.00087745,-0.00014571,30.836,0.046576,0.0015366,23.341,70,0,0,0.15269,0,0,1.4028,0,0,0,0.99999,-0.0037314,0,0.0037314,0.99999,0,0,0,1,0.99999,-0.0037314,0,0.0037314,0.99999,0,0,0,1,2.196,0.53423,31.352
-0.00098785,8.3956e-05,30.819,0.059849,0.0080756,23.322,71,-0.080904,0.050457,-0.0071453,1.6915,-5.7267,19.895,0.39556,0.21648,0.21056,1,5.1827e-05,0.0015248,-5.0476e-05,1,-0.000886,-0.001525,0.00088593,1,1,5.1827e-05,0.0015248,-5.0476e-05,1,-0.000886,-0.001525,0.00088593,1,0.59276,0.59383,31.335
-0.0012189,-5.6662e-05,30.826,0.051158,0.002889,23.328,72,0.026638,0.033137,0.02737,3.9885,2.5339,19.895,0.012219,0.019566,0.0069725,0.99998,0.0010654,0.0057429,-0.001071,1,0.00098065,-0.005742,-0.00098679,0.99998,0.99998,0.0010654,0.0057429,-0.001071,1,0.00098065,-0.005742,-0.00098679,0.99998,0.71128,0.59369,31.342
-0.0016148,0.00034078,30.823,0.050444,0.00381,23.325,73,-0.038339,-0.032988,-0.10613,3.6082,-0.83288,9.9473,0.22657,-0.08715,0.01731,0.99995,0.0024625,0.010131,-0.0024409,0.99999,-0.0021466,-0.010135,0.0021217,0.99995,0.99995,0.0024625,0.010131,-0.0024409,0.99999,-0.0021466,-0.010135,0.0021217,0.99995,0.80867,0.61505,31.338
-0.00096957,-0.00068922,30.815,0.069805,0.002155,23.309,74,0.02415,0.1544,0.0036299,0.55268,-0.58376,9.9473,-0.016291,0.053003,-0.018261,0.99999,0.00087023,0.0039955,-0.00089785,0.99998,0.0069137,-0.0039907,-0.0069172,0.99997,0.99999,0.00087023,0.0039955,-0.00089785,0.99998,0.0069137,-0.0039907,-0.0069172,0.99997,0.85124,0.5721,31.331
-0.0011188,-0.00017037,30.819,0.057158,-0.0073017,23.318,75,0.19004,0.10787,-0.11992,-0.82341,0.50578,9.9473,0.052204,-0.094328,0.08289,0.99998,-0.0015084,0.0058918,0.0014929,1,0.0026436,-0.0058954,-0.0026347,0.99998,0.99998,-0.0015084,0.0058918,0.0014929,1,0.0026436,-0.0058954,-0.0026347,0.99998,0.96985,0.61454,31.334
-0.0020436,-0.00095742,30.824,0.064119,-0.0041937,23.327,76,-0.094559,0.16253,-0.12177,-0.28894,1.2196,9.9473,-0.067012,-0.038036,-0.071367,0.99991,5.7657e-05,0.013765,-0.00017134,0.99997,0.0082575,-0.013765,-0.0082591,0.99987,0.99991,5.7657e-05,0.013765,-0.00017134,0.99997,0.0082575,-0.013765,-0.0082591,0.99987,0.92699,0.57183,31.34
-0.0015201,-0.00021696,30.818,0.056646,-0.0002453,23.319,77,0.11245,0.14998,-0.19893,0,-0.23253,9.9473,-0.02393,0,-0.011359,0.99996,-0.0044401,0.0082558,0.0043954,0.99998,0.0054236,-0.0082791,-0.0053871,0.99995,0.99996,-0.0044401,0.0082558,0.0043954,0.99998,0.0054236,-0.0082791,-0.0053871,0.99995,1.0672,0.62318,31.334
-0.0014004,-0.00051477,30.813,0.067913,-0.006476,23.306,78,0.11943,0.0744,-0.069292,2.6337,0.50053,9.9473,-0.13603,-0.082859,0.03142,0.99997,0.0017496,0.0078034,-0.0017917,0.99998,0.0053868,-0.0077945,-0.0054006,0.99996,0.99997,0.0017496,0.0078034,-0.0017917,0.99998,0.0053868,-0.0077945,-0.0054006,0.99996,1.0673,0.56359,31.329
-0.0012507,-0.00028618,30.823,0.06143,-0.0085907,23.324,79,0.104,0.071452,-0.024562,0.12781,-11.03,9.9473,1.1537,-0.0040422,0.20626,0.99998,-0.00056798,0.0058152,0.00054542,0.99999,0.0038799,-0.0058178,-0.0038767,0.99998,0.99998,-0.00056798,0.0058152,0.00054542,0.99999,0.0038799,-0.0058178,-0.0038767,0.99998,1.1566,0.59346,31.338
-0.0012242,-0.00036521,30.811,0.051605,-0.015315,23.307,80,0.05098,-0.070684,0.025906,0,0,9.9473,0,0,0,0.99998,-0.00028707,0.0056872,0.00026144,0.99999,0.0045077,-0.0056883,-0.0045061,0.99997,0.99998,-0.00028707,0.0056872,0.00026144,0.99999,0.0045077,-0.0056883,-0.0045061,0.99997,1.2159,0.59338,31.327
-0.0014138,-0.00019307,30.819,0.060653,-0.0050206,23.32,81,0.20491,0.014702,0.03375,3.1556,-1.1424,19.895,0.057547,-0.14606,0.050267,0.99997,-0.001114,0.0077365,0.0010965,1,0.002259,-0.007739,-0.0022504,0.99997,0.99997,-0.001114,0.0077365,0.0010965,1,0.002259,-0.007739,-0.0022504,0.99997,1.3048,0.59356,31.335
-0.0013527,-0.00011763,30.821,0.059686,-0.011738,23.322,82,0.14832,-0.0029806,0.0064976,7.085,1.8928,19.895,0.059914,-0.22288,0.15368,0.99998,-0.0016143,0.0068291,0.0016047,1,0.0014013,-0.0068313,-0.0013903,0.99998,0.99998,-0.0016143,0.0068291,0.0016047,1,0.0014013,-0.0068313,-0.0013903,0.99998,1.4236,0.59363,31.336
-0.0013611,-1.9626e-05,30.822,0.057253,-0.0074147,23.322,83,0.10675,-0.022487,0.005943,3.4679,-4.4141,19.895,-0.20634,-0.10906,-0.32834,0.99997,-0.0014841,0.0070248,0.0014864,1,-0.00032051,-0.0070243,0.00033095,0.99998,0.99997,-0.0014841,0.0070248,0.0014864,1,-0.00032051,-0.0070243,0.00033095,0.99998,1.5424,0.59373,31.338
-0.001583,0.00020205,30.813,0.051835,-0.0095931,23.306,84,-0.077197,-0.022294,0.046506,2.8168,-0.40352,9.9473,-0.012676,-0.089606,0.020792,0.99996,-5.4788e-05,0.0093054,6.8198e-05,1,-0.0014406,-0.0093055,0.0014412,0.99996,0.99996,-5.4788e-05,0.0093054,6.8198e-05,1,-0.0014406,-0.0093055,0.0014412,0.99996,1.6313,0.59395,31.329
-0.0012554,-1.9339e-05,30.817,0.059309,0.0122,23.317,85,-0.080035,0.024257,-0.037851,0.45715,-0.45715,9.9473,-0.014463,-0.014463,-0.02371,0.99996,-0.0038868,0.0084963,0.0038892,0.99999,-0.00027013,-0.008495,0.00030317,0.99996,0.99996,-0.0038868,0.0084963,0.0038892,0.99999,-0.00027013,-0.008495,0.00030317,0.99996,1.6909,0.59373,31.333
-0.0013196,-0.00018305,30.823,0.059147,-0.0094906,23.325,86,0.092465,-0.095324,0.14632,1.5239,-0.50114,19.895,0.060917,-0.12439,-0.076653,0.99997,-0.0005527,0.0073629,0.00053866,1,0.0019087,-0.007364,-0.0019047,0.99997,0.99997,-0.0005527,0.0073629,0.00053866,1,0.0019087,-0.007364,-0.0019047,0.99997,1.7799,0.59357,31.339
-0.0012855,-0.0001352,30.824,0.062094,-0.0077477,23.326,87,0.031143,0.044706,-0.09583,-0.76761,-0.76761,9.9473,-0.079146,0.079146,0.029111,0.99998,-0.0026887,0.0058743,0.0026772,0.99999,0.0019621,-0.0058796,-0.0019463,0.99998,0.99998,-0.0026887,0.0058743,0.0026772,0.99999,0.0019621,-0.0058796,-0.0019463,0.99998,1.8691,0.59361,31.34
-0.0012477,0.000192,30.821,0.04987,-0.011166,23.321,88,0.017927,0.078975,0.065225,0,0,9.9473,0,0,0,0.99998,-0.0026452,0.0057548,0.0026571,0.99999,-0.0020548,-0.0057497,0.00207,0.99998,0.99998,-0.0026452,0.0057548,0.0026571,0.99999,-0.0020548,-0.0057497,0.00207,0.99998,1.9284,0.59394,31.337
-0.0012459,7.9941e-05,30.826,0.06116,-0.00075183,23.326,89,-0.00092535,0.06688,0.043239,6.0389,-8.2746,19.895,-0.19059,-0.26091,-0.49075,0.99998,0.0019772,0.0054496,-0.0019711,1,-0.0011243,-0.0054518,0.0011136,0.99998,0.99998,0.0019772,0.0054496,-0.0019711,1,-0.0011243,-0.0054518,0.0011136,0.99998,2.0175,0.59383,31.342
-0.00099296,3.5668e-05,30.83,0.055343,-0.0037707,23.333,90,0.14846,0.066982,0.017204,0.070739,-0.070739,19.895,0.0022478,0.0022478,-0.0057366,1,0.00067705,0.0022145,-0.00067522,1,-0.0008254,-0.002215,0.0008239,1,1,0.00067705,0.0022145,-0.00067522,1,-0.0008254,-0.002215,0.0008239,1,2.1365,0.59379,31.346
-0.0009196,0.00018914,30.836,0.049767,0.0062367,23.341,91,0,0,-0.29452,0,0,1.4028,0,0,0,0.99999,0.0035537,0,-0.0035537,0.99999,0,0,0,1,0.99999,0.0035537,0,-0.0035537,0.99999,0,0,0,1,0.41471,0.65331,31.352
-0.00092946,3.4045e-05,30.829,0.056852,0.01427,23.335,92,0.136,0.28272,-0.035529,0.23846,-0.23546,1.4028,0.0034909,0.011523,0.0036334,0.99999,0.0049101,0.0013633,-0.0049092,0.99999,-0.00071375,-0.0013669,0.00070705,1,0.99999,0.0049101,0.0013633,-0.0049092,0.99999,-0.00071375,-0.0013669,0.00070705,1,0.53345,0.65316,31.345
-0.0012088,-3.7939e-05,30.822,0.064869,0.011858,23.324,93,-0.17708,0.25157,-0.070651,-1.5923,0.29622,1.4028,1.4124e-05,-0.033463,0.014532,0.99998,0.0013075,0.0068945,-0.001311,1,0.00050484,-0.006894,-0.00051387,0.99998,0.99998,0.0013075,0.0068945,-0.001311,1,0.00050484,-0.006894,-0.00051387,0.99998,0.65192,0.65309,31.338
-0.00132,-7.6399e-06,30.826,0.058179,0.0036135,23.328,94,-0.1226,0.012616,0.004616,-0.26516,0.38123,1.4028,-0.0039899,-0.0089962,0.0025413,0.99995,0.0014579,0.01038,-0.0014627,1,0.00045555,-0.01038,-0.00047071,0.99995,0.99995,0.0014579,0.01038,-0.0014627,1,0.00045555,-0.01038,-0.00047071,0.99995,0.77055,0.65312,31.341
-0.0012616,-0.00056495,30.817,0.050816,-0.0056823,23.311,95,0.3658,0.031512,0.3503,1.2258,1.3035,1.4028,0.041337,-0.038873,0.007893,0.99987,0.011435,0.011667,-0.011561,0.99987,0.010816,-0.011542,-0.010949,0.99987,0.99987,0.011435,0.011667,-0.011561,0.99987,0.010816,-0.011542,-0.010949,0.99987,0.88936,0.65256,31.333
-0.0012278,-0.00031467,30.822,0.058907,-0.00041423,23.321,96,0.1082,0.084007,0.092574,0.12062,0.095636,1.4028,-0.0030334,0.0038259,-5.4991e-06,0.99994,0.0057795,0.0087669,-0.0058263,0.99997,0.0053234,-0.0087362,-0.0053741,0.99995,0.99994,0.0057795,0.0087669,-0.0058263,0.99997,0.0053234,-0.0087362,-0.0053741,0.99995,1.0081,0.65281,31.338
-0.0013188,-0.0001967,30.821,0.068305,-0.008798,23.323,97,0.17045,0.25498,-0.028944,-0.12781,-0.12781,1.4028,-0.0040368,0.0040368,-0.0042961,0.99994,0.0014515,0.011013,-0.001484,0.99999,0.0029462,-0.011008,-0.0029624,0.99994,0.99994,0.0014515,0.011013,-0.001484,0.99999,0.0029462,-0.011008,-0.0029624,0.99994,1.1268,0.65293,31.337
-0.001275,-0.00032561,30.823,0.057046,-0.005125,23.325,98,0.19011,-0.009249,0.021592,0.2997,0.18633,1.4028,0.0089201,0.012127,-0.0080489,0.99994,0.0025499,0.010576,-0.0026029,0.99998,0.0050032,-0.010563,-0.0050304,0.99993,0.99994,0.0025499,0.010576,-0.0026029,0.99998,0.0050032,-0.010563,-0.0050304,0.99993,1.2456,0.6528,31.339
-0.0012565,-0.00018162,30.822,0.061538,-0.0027274,23.321,99,0.14668,0.10725,-0.02421,0.086712,0.086374,1.4028,0.0027548,-0.0026733,0.0031788,0.99996,0.003412,0.0088154,-0.0034398,0.99999,0.0031349,-0.0088051,-0.0031651,0.99996,0.99996,0.003412,0.0088154,-0.0034398,0.99999,0.0031349,-0.0088051,-0.0031651,0.99996,1.3644,0.65294,31.338
-0.0013469,-7.8294e-05,30.818,0.067761,-0.016996,23.317,100,0.31829,0.23344,-0.12628,-0.29362,1.1902,1.4028,0.03785,0.010253,-0.0091616,0.99992,0.0050983,0.011444,-0.0051052,0.99999,0.00057351,-0.011442,-0.00063189,0.99993,0.99992,0.0050983,0.011444,-0.0051052,0.99999,0.00057351,-0.011442,-0.00063189,0.99993,1.483,0.65305,31.334
-0.0013653,-8.4353e-05,30.824,0.059657,-0.011061,23.326,101,0.025416,-0.076978,-0.39143,0.35896,-0.13883,1.4028,-0.004347,-0.0099981,-0.00097701,0.99992,0.0030996,0.012041,-0.0031052,1,0.00044367,-0.01204,-0.00048103,0.99993,0.99992,0.0030996,0.012041,-0.0031052,1,0.00044367,-0.01204,-0.00048103,0.99993,1.6018,0.65304,31.34
-0.0013019,-0.00028163,30.826,0.062037,-0.0088981,23.33,102,0.20178,0.17094,-0.2071,0.052727,0.089721,1.4028,0.002958,-0.0015606,-0.01526,0.99992,0.0039753,0.012199,-0.004006,0.99999,0.0024924,-0.012188,-0.0025411,0.99992,0.99992,0.0039753,0.012199,-0.004006,0.99999,0.0024924,-0.012188,-0.0025411,0.99992,1.7206,0.65284,31.342
-0.0013036,-0.00014131,30.824,0.06492,0.0044208,23.325,103,-0.11097,0.20784,-0.14425,-0.14337,-0.34168,1.4028,0.073251,0.02192,-0.026867,0.99993,0.005449,0.010122,-0.0054756,0.99998,0.0025988,-0.010108,-0.0026541,0.99995,0.99993,0.005449,0.010122,-0.0054756,0.99998,0.0025988,-0.010108,-0.0026541,0.99995,1.8393,0.65298,31.34
-0.0013367,-2.3193e-05,30.826,0.063685,-0.0063547,23.327,104,0.19684,0.23053,0.023293,2.1825,0.26324,1.4028,0.0071957,-0.0033481,0.037378,0.99994,0.001054,0.01119,-0.0010397,1,-0.0012855,-0.011192,0.0012738,0.99994,0.99994,0.001054,0.01119,-0.0010397,1,-0.0012855,-0.011192,0.0012738,0.99994,1.958,0.6531,31.342
-0.0012507,0.00021566,30.826,0.048586,0.004934,23.323,105,0.0615,-0.33443,0.28444,-0.40375,-1.2269,1.4028,-0.039226,0.014256,-0.049121,0.99996,-0.00030311,0.0088957,0.00033033,1,-0.0030584,-0.0088957,0.0030612,0.99996,0.99996,-0.00030311,0.0088957,0.00033033,1,-0.0030584,-0.0088957,0.0030612,0.99996,2.0769,0.65334,31.341
-0.0010002,3.8392e-05,30.829,0.05811,0.0017961,23.335,106,0.13286,0.20783,-0.10316,0.10495,-0.0001661,1.4028,1.4755e-06,0.0033328,-0.0025937,1,0.0028981,0.00096153,-0.0028972,1,-0.00096902,-0.0009647,0.00096623,1,1,0.0028981,0.00096153,-0.0028972,1,-0.00096902,-0.0009647,0.00096623,1,2.1959,0.65316,31.344
-0.00095434,-0.00014044,30.836,0.060184,-0.0050312,23.341,107,0,0,-0.16943,2.7148,1.4294,1.4028,0,0,7.1672e-06,1,-0.0015092,0,0.0015092,1,0,0,0,1,1,-0.0015092,0,0.0015092,1,0,0,0,1,2.3147,0.65298,31.352
-0.00099733,0.00036708,30.827,0.061547,0.0136,23.331,108,-0.18123,0.11764,0.065412,6.3665,1.288,9.9473,0.49155,-0.20179,-0.087021,0.99999,0.0040099,0.0012703,-0.0040073,0.99999,-0.0020743,-0.0012788,0.0020692,1,0.99999,0.0040099,0.0012703,-0.0040073,0.99999,-0.0020743,-0.0012788,0.0020692,1,0.44436,0.71287,31.343
-0.00098641,-0.00010258,30.828,0.063853,0.0055849,23.331,109,-0.044135,0.094253,0.07342,4.1146,-0.64309,9.9473,-0.10318,0.17524,-0.0004199,0.99999,0.0040024,0.0013848,-0.0040015,0.99999,-0.00071783,-0.0013878,0.00071228,1,0.99999,0.0040024,0.0013848,-0.0040015,0.99999,-0.00071783,-0.0013878,0.00071228,1,0.50366,0.7124,31.344
-0.0012027,4.0392e-05,30.828,0.06219,0.011544,23.331,110,-0.044361,0.067598,0.086396,7.6991,-2.3128,19.895,0.16883,0.071178,-0.194,0.99999,0.00011436,0.0052293,-0.00011918,1,0.00092166,-0.0052293,-0.00092227,0.99999,0.99999,0.00011436,0.0052293,-0.00011918,1,0.00092166,-0.0052293,-0.00092227,0.99999,0.59255,0.71254,31.344
-0.0012477,1.8027e-05,30.824,0.059497,0.0057387,23.327,111,-0.047621,0.051472,0.0099391,-3.1705,6.0596,19.895,0.29116,-0.0051548,-0.16172,0.99998,-0.0015805,0.0061337,0.0015817,1,-0.00019626,-0.0061333,0.00020596,0.99998,0.99998,-0.0015805,0.0061337,0.0015817,1,-0.00019626,-0.0061333,0.00020596,0.99998,0.71125,0.71252,31.34
-0.0015425,8.4994e-05,30.824,0.055702,0.014397,23.325,112,0.1218,0.19067,-0.3213,-10.073,2.5134,9.9473,-0.063591,0.46408,0.29431,0.99993,-0.0075146,0.0096082,0.0074882,0.99997,0.0027841,-0.0096277,-0.002712,0.99995,0.99993,-0.0075146,0.0096082,0.0074882,0.99997,0.0027841,-0.0096277,-0.002712,0.99995,0.85067,0.73355,31.339
-0.0018833,-0.0004893,30.815,0.060888,-0.0048662,23.312,113,-0.047325,0.069514,-0.26325,2.9271,2.4238,9.9473,-0.16104,0.0067292,-0.063041,0.99993,-0.0034126,0.010895,0.0033963,0.99999,0.0015151,-0.010901,-0.001478,0.99994,0.99993,-0.0034126,0.010895,0.0033963,0.99999,0.0015151,-0.010901,-0.001478,0.99994,0.8084,0.69105,31.331
-0.0012902,-0.00029014,30.821,0.058586,-0.0004151,23.321,114,0.066934,0.089765,0.043187,5.8289,-0.33988,19.895,-0.12781,0.30257,-0.72602,0.99998,-0.0020581,0.0059323,0.0020399,0.99999,0.0030766,-0.0059385,-0.0030644,0.99998,0.99998,-0.0020581,0.0059323,0.0020399,0.99999,0.0030766,-0.0059385,-0.0030644,0.99998,0.94871,0.71221,31.337
-0.0012624,-0.00020779,30.813,0.064273,-0.0086698,23.312,115,0.037172,0.071072,0.050588,2.4669,-0.74593,19.895,0.078889,0.024117,-0.19966,0.99998,-0.0011553,0.005521,0.0011394,1,0.0028976,-0.0055244,-0.0028912,0.99998,0.99998,-0.0011553,0.005521,0.0011394,1,0.0028976,-0.0055244,-0.0028912,0.99998,1.0675,0.71229,31.329
-0.0014514,-0.00020504,30.816,0.066936,-0.0062962,23.312,116,0.070143,0.10516,-0.02246,-0.32771,0.89816,19.895,0.13788,0.15571,0.14253,0.99996,-0.00056169,0.0083659,0.00054358,1,0.0021674,-0.0083669,-0.0021628,0.99996,0.99996,-0.00056169,0.0083659,0.00054358,1,0.0021674,-0.0083669,-0.0021628,0.99996,1.186,0.71229,31.332
-0.0013826,-0.00024007,30.817,0.052037,-0.0041702,23.317,117,0.22183,0.00011768,0.080945,1.7832,0.075676,19.895,0.0020996,-0.056973,0.046629,0.99997,-0.00064657,0.0075862,0.00062611,1,0.0027,-0.0075878,-0.0026952,0.99997,0.99997,-0.00064657,0.0075862,0.00062611,1,0.0027,-0.0075878,-0.0026952,0.99997,1.3049,0.71226,31.332
-0.0014023,-0.00018788,30.814,0.061398,-0.014274,23.308,118,0.17338,0.0061018,0.063643,3.5714,0.89447,19.895,-0.20797,0.25026,0.093174,0.99997,-0.0014073,0.0075218,0.0013892,1,0.0024125,-0.0075251,-0.002402,0.99997,0.99997,-0.0014073,0.0075218,0.0013892,1,0.0024125,-0.0075251,-0.002402,0.99997,1.4236,0.71231,31.33
-0.0013839,-9.1867e-05,30.818,0.06997,-0.011969,23.316,119,0.1488,0.088888,0.089714,4.771,3.1092,19.895,0.098714,-0.014987,0.18327,0.99997,-0.0015907,0.0072313,0.0015812,1,0.0013124,-0.0072334,-0.0013009,0.99997,0.99997,-0.0015907,0.0072313,0.0015812,1,0.0013124,-0.0072334,-0.0013009,0.99997,1.5424,0.71241,31.334
-0.0014823,-0.00018847,30.824,0.05874,-0.010098,23.327,120,0.12426,-0.044075,0.078774,7.8208,3.9755,19.895,0.44474,0.071258,-0.086967,0.99996,-0.0010925,0.0086967,0.0010769,1,0.0018012,-0.0086987,-0.0017918,0.99996,0.99996,-0.0010925,0.0086967,0.0010769,1,0.0018012,-0.0086987,-0.0017918,0.99996,1.661,0.71231,31.34
-0.0013491,-0.00028773,30.817,0.068367,-0.0075053,23.314,121,0.10769,0.1368,0.021921,6.6162,6.6162,19.895,-0.74014,0.74014,-0.44399,0.99997,-0.001059,0.0072941,0.0010377,1,0.0029343,-0.0072973,-0.0029267,0.99997,0.99997,-0.001059,0.0072941,0.0010377,1,0.0029343,-0.0072973,-0.0029267,0.99997,1.7799,0.71221,31.333
-0.0013159,-0.00012368,30.814,0.064498,-0.010843,23.307,122,0.18161,0.16305,0.078567,-1.089,0.98505,19.895,0.018758,-0.1521,0.091547,0.99998,-0.00091093,0.0068362,0.0009009,1,0.0014699,-0.0068375,-0.0014637,0.99998,0.99998,-0.00091093,0.0068362,0.0009009,1,0.0014699,-0.0068375,-0.0014637,0.99998,1.8987,0.71238,31.329
-0.0012955,8.7443e-05,30.826,0.052922,-0.0051164,23.319,123,0.020304,0.00051901,0.037403,5.3558,4.4597,19.895,0.29549,0.052516,0.23681,0.99998,0.00014262,0.0070142,-0.00013308,1,-0.0013605,-0.0070144,0.0013596,0.99997,0.99998,0.00014262,0.0070142,-0.00013308,1,-0.0013605,-0.0070144,0.0013596,0.99997,2.0175,0.71259,31.342
-0.0014308,0.00042675,30.823,0.070062,-0.0083968,23.32,124,0.072912,0.25167,-0.19319,-1.4694,-5.5791,9.9473,0.17584,-0.046296,0.20862,0.99997,0.0013731,0.0073721,-0.0013481,0.99999,-0.0033995,-0.0073764,0.0033895,0.99997,0.99997,0.0013731,0.0073721,-0.0013481,0.99999,-0.0033995,-0.0073764,0.0033895,0.99997,2.1151,0.73389,31.339
-0.0011037,0.0001288,30.833,0.059501,0.0044446,23.338,125,-0.1463,0.077465,-0.11873,1.3127,-1.2487,9.9473,-0.042066,-0.040026,0.10481,0.99998,-0.0034821,0.006033,0.003495,0.99999,-0.0021207,-0.0060259,0.0021417,0.99998,0.99998,-0.0034821,0.006033,0.003495,0.99999,-0.0021207,-0.0060259,0.0021417,0.99998,2.1574,0.69166,31.349
-0.00097267,-1.467e-05,30.832,0.057255,-0.009416,23.333,126,0.10166,0.11102,-0.046058,3.3066,-0.40211,19.895,0.012799,0.10491,0.11404,1,-0.00020293,0.0015493,0.00020273,1,0.00012441,-0.0015494,-0.0001241,1,1,-0.00020293,0.0015493,0.00020273,1,0.00012441,-0.0015494,-0.0001241,1,2.2553,0.71249,31.348
