"DISPL:0","DISPL:1","DISPL:2","LINVEL:0","LINVEL:1","LINVEL:2","NUMBER","ANGVEL:0","ANGVEL:1","ANGVEL:2","FORCE:0","FORCE:1","FORCE:2","TORQUE:0","TORQUE:1","TORQUE:2","ORIENT:0","ORIENT:1","ORIENT:2","ORIENT:3","ORIENT:4","ORIENT:5","ORIENT:6","ORIENT:7","ORIENT:8","ORIENT1:0","ORIENT1:1","ORIENT1:2","ORIENT2:0","ORIENT2:1","ORIENT2:2","ORIENT3:0","ORIENT3:1","ORIENT3:2","Points:0","Points:1","Points:2"
-0.00068818,0,0,0.057973,0,0,0,0,0,0,3014.2,0,0,0,0,0,1,0,0,0,1,0,0,0,1,1,0,0,0,1,0,0,0,1,1.3649,1.3656,0.4125
-0.00092338,0.00017236,30.836,0.040648,-0.0064124,23.341,1,0,0,-0.36787,0,0,1.4028,0,0,0,1,-0.0025197,0,0.0025197,1,0,0,0,1,1,-0.0025197,0,0.0025197,1,0,0,0,1,0.77095,0.29705,31.352
-0.00084618,6.4171e-05,30.827,0.05357,-0.0016365,23.333,2,-0.17551,0.11863,0.073203,0.036789,0.18468,1.4028,-0.005858,0.0011669,-2.4704e-06,1,0.0015352,0.00049907,-0.0015354,1,0.00040579,-0.00049854,-0.00040656,1,1,0.0015352,0.00049907,-0.0015354,1,0.00040579,-0.00049854,-0.00040656,1,0.88978,0.29694,31.342
-0.00088201,-4.2664e-05,30.828,0.05336,0.00075364,23.334,3,-0.13391,0.042616,-0.054453,0.057872,0.0081353,1.4028,-0.00026007,0.0018377,0.0021959,1,0.002257,0.0011646,-0.0022562,1,-0.0006768,-0.0011666,0.00067417,1,1,0.002257,0.0011646,-0.0022562,1,-0.0006768,-0.0011666,0.00067417,1,1.0085,0.29683,31.344
-0.00093203,8.8681e-06,30.829,0.056518,0.0014468,23.335,4,0.03219,0.032712,-0.0060431,0,0,1.4028,0,0,0,0.99999,0.0043065,0.0024048,-0.0043072,0.99999,0.00026873,-0.002404,-0.00027908,1,0.99999,0.0043065,0.0024048,-0.0043072,0.99999,0.00026873,-0.002404,-0.00027908,1,1.1272,0.29688,31.345
-0.00076711,-8.967e-05,30.827,0.050264,0.0062842,23.327,5,0.17536,0.043913,0.1636,0,0,1.4028,0,0,0,1,0.0016775,0.00065775,-0.0016784,1,0.0013656,-0.00065584,-0.0013667,1,1,0.0016775,0.00065775,-0.0016784,1,0.0013656,-0.00065584,-0.0013667,1,1.2461,0.29679,31.343
-0.00098559,-4.7056e-05,30.83,0.056778,0.0027178,23.333,6,0.028802,-0.25127,0.23291,0.0074755,0.0074755,1.4028,-0.00023767,0.00023767,0.00024831,0.99997,0.0064773,0.0029615,-0.006473,0.99998,-0.0014687,-0.0029711,0.0014495,0.99999,0.99997,0.0064773,0.0029615,-0.006473,0.99998,-0.0014687,-0.0029711,0.0014495,0.99999,1.3646,0.29683,31.346
-0.0008848,6.3871e-05,30.828,0.055923,0.001108,23.335,7,0.22104,0.20749,-0.31997,0,0,1.4028,0,0,0,0.99999,0.0028226,0.0018068,-0.0028253,0.99999,0.0014696,-0.0018024,-0.0014747,1,0.99999,0.0028226,0.0018068,-0.0028253,0.99999,0.0014696,-0.0018024,-0.0014747,1,1.4835,0.29694,31.344
-0.00088,1.6448e-06,30.829,0.060788,0.0072052,23.335,8,0.07,-0.015377,0.022861,-0.25813,0.07794,1.4028,-0.0024483,-0.0082402,0.007345,0.99999,0.002953,0.0016933,-0.0029514,1,-0.00091161,-0.0016963,0.00090661,1,0.99999,0.002953,0.0016933,-0.0029514,1,-0.00091161,-0.0016963,0.00090661,1,1.6022,0.29688,31.345
-0.00090942,4.2786e-05,30.828,0.060222,-0.00086697,23.334,9,0.18163,-0.23726,-0.041858,0.042991,-0.042991,1.4028,0.0013621,0.0013621,0.0014376,1,0.002745,0.0012126,-0.0027463,1,0.0010677,-0.00121,-0.0010711,1,1,0.002745,0.0012126,-0.0027463,1,0.0010677,-0.00121,-0.0010711,1,1.721,0.29692,31.344
-0.00073836,4.2134e-05,30.828,0.063769,-0.0025218,23.334,10,0.038041,0.015197,-0.27668,0.035871,-0.0096201,1.4028,0.00030476,0.0011374,-0.001252,1,-0.0024379,-0.00035926,0.0024378,1,-0.00025932,0.00036011,0.00025845,1,1,-0.0024379,-0.00035926,0.0024378,1,-0.00025932,0.00036011,0.00025845,1,1.8399,0.29692,31.344
-0.0008994,-0.00020895,30.836,0.056881,0.0016308,23.341,11,0,0,-0.085608,-0.2607,-0.013253,1.4028,0,0,0.0002766,0.99999,0.0052316,0,-0.0052316,0.99999,0,0,0,1,0.99999,0.0052316,0,-0.0052316,0.99999,0,0,0,1,1.9585,0.29667,31.352
-0.0010456,0.00010603,30.826,0.05895,-0.0028403,23.326,12,0.082061,0.022452,-0.061878,16.424,0.097821,19.895,0.14081,0.062824,-0.15013,0.99999,0.0020984,0.0034518,-0.0020952,1,-0.00092429,-0.0034539,0.00091706,0.99999,0.99999,0.0020984,0.0034518,-0.0020952,1,-0.00092429,-0.0034539,0.00091706,0.99999,0.8302,0.35636,31.342
-0.0010284,-1.3259e-06,30.832,0.052518,-0.0039229,23.337,13,0.0379,0.081992,0.049434,3.4213,-1.8701,19.895,0.059652,0.10857,0.089157,0.99999,0.0016107,0.0030787,-0.00161,1,-0.00022546,-0.0030792,0.0002205,1,0.99999,0.0016107,0.0030787,-0.00161,1,-0.00022546,-0.0030792,0.0002205,1,0.94897,0.35625,31.347
-0.0010503,-8.5452e-05,30.826,0.05968,-0.0026027,23.327,14,0.09913,-0.0091865,-0.057512,8.4636,-7.2843,19.895,-0.49681,0.10671,-0.026577,0.99999,0.0022465,0.0036361,-0.0022502,1,0.0010106,-0.003634,-0.0010187,0.99999,0.99999,0.0022465,0.0036361,-0.0022502,1,0.0010106,-0.003634,-0.0010187,0.99999,1.0677,0.35616,31.342
-0.0010318,0.00013446,30.824,0.05862,0.00094531,23.328,15,-0.0047034,0.010514,-0.00034925,1.6017,2.0661,19.895,0.21348,-0.048607,0.12048,0.99999,0.0019633,0.0036297,-0.0019574,1,-0.0016149,-0.003633,0.0016077,0.99999,0.99999,0.0019633,0.0036297,-0.0019574,1,-0.0016149,-0.003633,0.0016077,0.99999,1.1865,0.35638,31.34
-0.0012346,6.2243e-05,30.821,0.043603,0.0085742,23.324,16,0.043827,0.030416,-0.25184,0.68851,0.68851,9.9473,0.021967,-0.021967,-0.035401,0.99999,-0.0026039,0.0045122,0.0026052,1,-0.00028084,-0.0045112,0.00029259,0.99999,0.99999,-0.0026039,0.0045122,0.0026052,1,-0.00028084,-0.0045112,0.00029259,0.99999,1.305,0.38596,31.337
-0.00091447,-0.0002356,30.825,0.056067,-0.0022974,23.329,17,0.071501,-0.0026101,0.12202,3.08,0,9.9473,0,0.021856,0.1118,0.99999,-0.00037177,0.0034726,0.00036859,1,0.00091383,-0.0034736,-0.00091254,0.99999,0.99999,-0.00037177,0.0034726,0.00036859,1,0.00091383,-0.0034736,-0.00091254,0.99999,1.3053,0.32637,31.341
-0.0010366,0.00011301,30.824,0.057267,0.010089,23.324,18,-0.10392,0.0047504,0.03151,3.3836,1.5715,19.895,0.050139,-0.053756,0.067188,0.99999,0.0020627,0.0036246,-0.0020594,1,-0.00093715,-0.0036266,0.00092967,0.99999,0.99999,0.0020627,0.0036246,-0.0020594,1,-0.00093715,-0.0036266,0.00092967,0.99999,1.424,0.35636,31.34
-0.0010234,0.0001223,30.827,0.053643,0.0054091,23.33,19,-0.035651,-0.11452,0.092797,10.768,1.1929,19.895,-0.19501,-0.54625,-0.18444,1,0.0012519,0.0025897,-0.0012472,1,-0.0018172,-0.0025921,0.0018139,0.99999,1,0.0012519,0.0025897,-0.0012472,1,-0.0018172,-0.0025921,0.0018139,0.99999,1.5427,0.35637,31.343
-0.0010056,2.6151e-05,30.822,0.055768,0.014199,23.326,20,-0.16765,-0.064238,0.079603,-3.8559,4.4546,19.895,-0.30287,-0.2411,0.38946,0.99999,0.0022593,0.0029584,-0.0022581,1,-0.00040449,-0.0029594,0.00039781,1,0.99999,0.0022593,0.0029584,-0.0022581,1,-0.00040449,-0.0029594,0.00039781,1,1.6615,0.35628,31.338
-0.0010827,0.00018808,30.83,0.058542,0.0079182,23.335,21,-0.035312,-0.025922,0.026174,-0.072884,-0.94623,9.9473,0.023681,0.15646,0.068283,0.99997,0.0037435,0.0060092,-0.0037242,0.99999,-0.0032231,-0.006021,0.0032007,0.99998,0.99997,0.0037435,0.0060092,-0.0037242,0.99999,-0.0032231,-0.006021,0.0032007,0.99998,1.8011,0.3774,31.346
-0.0011831,8.2576e-05,30.83,0.044621,-2.7414e-05,23.331,22,0.088558,0.091701,0.34314,1.53,-0.54711,9.9473,-0.042957,0.16199,0.015006,0.99997,0.0067784,0.0030435,-0.0067777,0.99998,-0.00024455,-0.0030451,0.00022392,1,0.99997,0.0067784,0.0030435,-0.0067777,0.99998,-0.00024455,-0.0030451,0.00022392,1,1.7591,0.33537,31.346
-0.0016909,3.7107e-05,30.818,0.064478,0.00078726,23.318,23,-0.016352,0.063452,-0.0013618,3.9112,-1.5358,9.9473,0.062207,0.0001336,-0.066492,0.99996,-0.0064413,0.0063767,0.0064386,0.99998,0.00045034,-0.0063783,-0.00040926,0.99998,0.99996,-0.0064413,0.0063767,0.0064386,0.99998,0.00045034,-0.0063783,-0.00040926,0.99998,1.8983,0.38593,31.334
-0.00050975,-0.00036288,30.829,0.05873,-0.0012436,23.319,24,0.10156,-0.018585,0.25828,-0.025247,0.049783,9.9473,-0.002453,7.822e-05,-0.0014495,0.99996,-0.0087106,0.00083449,0.0087079,0.99996,0.0032396,-0.00086246,-0.0032322,0.99999,0.99996,-0.0087106,0.00083449,0.0087079,0.99996,0.0032396,-0.00086246,-0.0032322,0.99999,1.8995,0.32624,31.345
-0.00096065,0.00012527,30.836,0.054882,0.00043678,23.341,25,0,0,0.022778,0,0,1.4028,0,0,0,1,0.00085494,0,-0.00085494,1,0,0,0,1,1,0.00085494,0,-0.00085494,1,0,0,0,1,0.65216,0.41575,31.352
-0.0010853,-0.00014089,30.829,0.052404,-0.0065432,23.334,26,0.087978,-0.21411,0.042387,-5.5402,5.8759,1.4028,0.15738,0.1449,-0.095316,0.99996,0.0076562,0.00475,-0.0076517,0.99997,-0.00095719,-0.0047574,0.00092081,0.99999,0.99996,0.0076562,0.00475,-0.0076517,0.99997,-0.00095719,-0.0047574,0.00092081,0.99999,0.77079,0.41548,31.345
-0.0012268,3.0577e-05,30.828,0.053762,-0.0071696,23.328,27,-0.11723,-0.08128,-0.12051,0.28234,-0.55675,1.4028,-0.017504,-0.0081132,-0.021838,0.99997,0.00098433,0.0075942,-0.00098936,1,0.00065825,-0.0075937,-0.00066575,0.99997,0.99997,0.00098433,0.0075942,-0.00098936,1,0.00065825,-0.0075937,-0.00066575,0.99997,0.8894,0.41566,31.344
-0.0012742,-7.2801e-05,30.821,0.056982,-0.0015684,23.32,28,-0.15304,-0.12063,0.27257,-0.36284,0.68825,1.4028,0.021707,0.010724,0.0045894,0.99996,0.00093553,0.0090311,-0.00094629,1,0.0011866,-0.0090301,-0.0011951,0.99996,0.99996,0.00093553,0.0090311,-0.00094629,1,0.0011866,-0.0090301,-0.0011951,0.99996,1.0081,0.41555,31.337
-0.001232,4.7079e-05,30.819,0.058886,-0.0028671,23.315,29,0.18587,0.0092219,0.088028,0.58654,-0.50701,1.4028,0.015335,0.012812,0.016671,0.99996,0.0038458,0.0077522,-0.003843,0.99999,-0.00038457,-0.007754,0.00035476,0.99997,0.99996,0.0038458,0.0077522,-0.003843,0.99999,-0.00038457,-0.007754,0.00035476,0.99997,1.1269,0.41567,31.334
-0.001269,0.0001351,30.82,0.048779,0.0030679,23.321,30,0.0068914,-0.24062,0.20468,1.4982,0.032239,1.4028,-0.00035184,-0.049001,0.088135,0.99995,0.0031659,0.0097109,-0.003164,0.99999,-0.00020597,-0.009712,0.00017523,0.99995,0.99995,0.0031659,0.0097109,-0.003164,0.99999,-0.00020597,-0.009712,0.00017523,0.99995,1.2456,0.41576,31.336
-0.0011527,6.6706e-05,30.823,0.057564,0.0088866,23.314,31,-0.067279,-0.064872,-0.13667,-1.6646,0.76776,1.4028,-0.061415,-0.033333,0.027646,0.99998,0.0045737,0.0051595,-0.0045643,0.99999,-0.0018337,-0.005168,0.0018101,0.99998,0.99998,0.0045737,0.0051595,-0.0045643,0.99999,-0.0018337,-0.005168,0.0018101,0.99998,1.3645,0.41569,31.338
-0.0012305,0.0001507,30.823,0.056924,0.002337,23.322,32,-0.040128,-0.048557,-0.29119,0.11038,0.13288,1.4028,-0.0042375,0.0035238,0.0044485,0.99997,0.0019137,0.0080111,-0.0018967,1,-0.0021267,-0.0080161,0.0021114,0.99997,0.99997,0.0019137,0.0080111,-0.0018967,1,-0.0021267,-0.0080161,0.0021114,0.99997,1.4831,0.41578,31.338
-0.0012317,8.1075e-05,30.827,0.047304,0.012694,23.331,33,0.067326,-0.12271,-0.2083,-0.35068,-0.056115,1.4028,0.0017799,-0.011123,3.5416e-05,0.99997,0.0018548,0.0077764,-0.0018395,1,-0.0019757,-0.0077805,0.0019614,0.99997,0.99997,0.0018548,0.0077764,-0.0018395,1,-0.0019757,-0.0077805,0.0019614,0.99997,1.6019,0.41571,31.343
-0.0012952,-2.367e-05,30.819,0.054679,0.0063069,23.318,34,-0.19164,-0.067645,-0.2007,2.0016,1.4667,1.4028,0.10164,0.099329,0.022485,0.99995,0.0016154,0.0096551,-0.0016214,1,0.00061375,-0.0096544,-0.00062938,0.99995,0.99995,0.0016154,0.0096551,-0.0016214,1,0.00061375,-0.0096544,-0.00062938,0.99995,1.7206,0.4156,31.335
-0.0014208,4.9663e-05,30.826,0.060691,0.0098101,23.325,35,-0.090971,0.024072,-0.12711,-0.017758,1.2464,1.4028,-0.012568,-0.0020123,-0.018199,0.99991,0.0015688,0.013595,-0.0015521,1,-0.0012394,-0.013597,0.0012182,0.99991,0.99991,0.0015688,0.013595,-0.0015521,1,-0.0012394,-0.013597,0.0012182,0.99991,1.8392,0.41567,31.341
-0.0010215,0.00024992,30.829,0.054485,-0.0011974,23.335,36,-0.14069,0.074265,-0.12972,0,0,1.4028,0,0,0,0.99999,-0.00011914,0.003922,0.00012351,1,-0.0011154,-0.0039222,0.0011159,0.99999,0.99999,-0.00011914,0.003922,0.00012351,1,-0.0011154,-0.0039222,0.0011159,0.99999,1.9584,0.41587,31.345
-0.00088717,-3.2697e-05,30.836,0.051439,-0.0083135,23.341,37,0,0,-0.051876,0.14372,-0.14372,1.4028,0,0,0.004794,1,-0.0003158,0,0.0003158,1,0,0,0,1,1,-0.0003158,0,0.0003158,1,0,0,0,1,2.0772,0.41559,31.352
-0.0011114,0.00032888,30.813,0.063368,0.0063951,23.315,38,0.034318,-0.07555,0.14489,0,-8.2615,9.9473,0.26129,0,0.30156,0.99999,0.0018596,0.0040955,-0.0018484,0.99999,-0.0027237,-0.0040998,0.0027161,0.99999,0.99999,0.0018596,0.0040955,-0.0018484,0.99999,-0.0027237,-0.0040998,0.0027161,0.99999,0.69042,0.49629,31.329
-0.0010169,-0.00039224,30.813,0.050455,-0.0029162,23.314,39,0.046306,-0.067168,-0.084645,-0.68868,-0.68868,9.9473,0.27913,-0.27913,-0.082239,1,0.0020201,0.0021606,-0.0020257,0.99999,0.0025693,-0.0021559,-0.0025737,0.99999,1,0.0020201,0.0021606,-0.0020257,0.99999,0.0025693,-0.0021559,-0.0025737,0.99999,0.73245,0.45364,31.329
-0.0013761,-4.4545e-05,30.823,0.056429,-0.00022914,23.325,40,-0.082551,-0.078559,-0.073271,7.9157,-1.9691,19.895,0.1561,-0.030642,0.66044,0.99997,0.00019517,0.0079972,-0.00019689,1,0.00021492,-0.0079972,-0.00021649,0.99997,0.99997,0.00019517,0.0079972,-0.00019689,1,0.00021492,-0.0079972,-0.00021649,0.99997,0.82987,0.47496,31.339
-0.0014851,0.00018281,30.824,0.055353,0.0094752,23.326,41,-0.081626,-0.005465,0.11718,4.9305,-2.6519,9.9473,0.40408,0.33178,0.089929,0.99996,0.005166,0.0077023,-0.00518,0.99998,0.001798,-0.0076934,-0.0018378,0.99997,0.99996,0.005166,0.0077023,-0.00518,0.99998,0.001798,-0.0076934,-0.0018378,0.99997,0.91887,0.47518,31.339
-0.001387,-0.00023186,30.82,0.050686,-0.017407,23.319,42,-0.0020043,0.011861,0.25274,0.54123,-0.54123,9.9473,-0.069742,-0.069742,-0.096879,0.99997,0.0034576,0.0075242,-0.0034573,0.99999,-5.6784e-05,-0.0075243,3.077e-05,0.99997,0.99997,0.0034576,0.0075242,-0.0034573,0.99999,-5.6784e-05,-0.0075243,3.077e-05,0.99997,0.97826,0.47477,31.336
-0.0013603,-2.0733e-05,30.813,0.058539,0.005179,23.304,43,-0.085881,-0.021322,0.067459,11.817,-2.1907,19.895,-0.068017,0.051514,-0.044912,0.99997,-0.00080814,0.0073612,0.00080978,1,-0.00022015,-0.0073611,0.0002261,0.99997,0.99997,-0.00080814,0.0073612,0.00080978,1,-0.00022015,-0.0073611,0.0002261,0.99997,1.0674,0.47498,31.328
-0.0013293,0.00010372,30.822,0.057114,0.0081638,23.324,44,-0.0014744,-0.05349,0.067037,6.9715,-5.1697,19.895,-0.16241,-0.16584,-0.4488,0.99998,-0.00094275,0.0069404,0.00094787,1,-0.00073423,-0.0069398,0.00074079,0.99998,0.99998,-0.00094275,0.0069404,0.00094787,1,-0.00073423,-0.0069398,0.00074079,0.99998,1.1862,0.4751,31.337
-0.001342,0.00022146,30.815,0.054974,0.0050239,23.303,45,-0.015655,0.018905,-0.07293,8.0843,5.6948,19.895,0.70809,-0.25788,0.24601,0.99998,-0.0012914,0.0064373,0.0013093,1,-0.0027776,-0.0064338,0.002786,0.99998,0.99998,-0.0012914,0.0064373,0.0013093,1,-0.0027776,-0.0064338,0.002786,0.99998,1.3049,0.47522,31.331
-0.0012975,0.00012634,30.817,0.052741,0.0079165,23.319,46,-0.038187,-0.097375,0.12399,2.5337,-2.0952,19.895,0.066137,-0.067515,0.099639,0.99998,-0.0015555,0.0061218,0.0015607,1,-0.00084806,-0.0061204,0.0008576,0.99998,0.99998,-0.0015555,0.0061218,0.0015607,1,-0.00084806,-0.0061204,0.0008576,0.99998,1.4237,0.47513,31.333
-0.0019297,-0.00014283,30.824,0.040039,0.013891,23.328,47,-0.17668,-0.01914,-0.14951,0,0,9.9473,0,0,0,0.99993,-0.007796,0.0090009,0.0077909,0.99997,0.00060537,-0.0090049,-0.00053521,0.99996,0.99993,-0.007796,0.0090009,0.0077909,0.99997,0.00060537,-0.0090049,-0.00053521,0.99996,1.5209,0.49582,31.339
-0.00089488,-4.999e-05,30.819,0.043197,-0.0020957,23.321,48,-0.19926,-0.052298,0.21666,0,0,9.9473,0,0,0,0.99999,-0.0048048,0.0021167,0.004803,0.99999,0.00085824,-0.0021205,-0.00084806,1,0.99999,-0.0048048,0.0021167,0.004803,0.99999,0.00085824,-0.0021205,-0.00084806,1,1.5638,0.45399,31.335
-0.0012747,0.00023488,30.815,0.043017,-0.0040019,23.295,49,0.058326,-0.13246,-0.20329,-0.22023,0.99767,9.9473,0.032916,0.16748,-0.1115,0.99998,-0.0017334,0.0066152,0.0017504,1,-0.0025617,-0.0066093,0.0025732,0.99997,0.99998,-0.0017334,0.0066152,0.0017504,1,-0.0025617,-0.0066093,0.0025732,0.99997,1.6612,0.50488,31.331
-0.0013629,7.4824e-06,30.821,0.042204,0.016075,23.323,50,-0.03242,-0.025505,0.14925,-6.1046,-6.1046,9.9473,0.20959,-0.20959,-0.31289,0.99998,-0.00027148,0.0059371,0.00027917,1,-0.0012932,-0.0059384,0.0012948,0.99998,0.99998,-0.00027148,0.0059371,0.00027917,1,-0.0012932,-0.0059384,0.0012948,0.99998,1.6611,0.44536,31.337
-0.0017622,0.00036486,30.821,0.059159,-0.015708,23.317,51,0.14554,-0.01743,-0.01141,0,-3.7046,9.9473,-0.11868,0,0.13394,0.99995,-0.0027407,0.0099355,0.002761,0.99999,-0.0020382,-0.0099298,0.0020655,0.99995,0.99995,-0.0027407,0.0099355,0.002761,0.99999,-0.0020382,-0.0099298,0.0020655,0.99995,1.7585,0.49633,31.337
-0.0014138,-2.192e-05,30.817,0.062104,0.012395,23.318,52,-0.11577,-0.051446,-0.026058,5.3675,-1.8282,9.9473,-0.013764,-0.025551,0.11191,0.99996,-0.0012906,0.0091053,0.0012929,1,-0.00024354,-0.0091053,0.0002553,0.99996,0.99996,-0.0012906,0.0091053,0.0012929,1,-0.00024354,-0.0091053,0.0002553,0.99996,1.8008,0.45401,31.333
-0.0013988,0.00024353,30.828,0.052445,0.013825,23.312,53,-0.053484,0.015771,0.0020925,2.3543,0.78419,9.9473,0.14305,-0.093621,-0.033604,0.99997,0.0006712,0.0076586,-0.00065556,1,-0.0020439,-0.00766,0.0020388,0.99997,0.99997,0.0006712,0.0076586,-0.00065556,1,-0.0020439,-0.00766,0.0020388,0.99997,1.8776,0.49621,31.343
-0.0011411,0.00026859,30.826,0.049707,0.0080618,23.328,54,-0.14264,0.016748,0.13709,0.77698,-0.77698,9.9473,-0.02489,-0.02489,0.06292,0.99998,-0.0014193,0.0061101,0.0014383,0.99999,-0.0031123,-0.0061059,0.003121,0.99998,0.99998,-0.0014193,0.0061101,0.0014383,0.99999,-0.0031123,-0.0061059,0.003121,0.99998,1.9198,0.4543,31.342
-0.00099623,0.00019152,30.83,0.052243,-0.006992,23.333,55,-0.096485,0.098247,-0.011738,2.9062,-2.9062,19.895,0.092217,0.092217,-0.23579,1,0.00060772,0.0018949,-0.00060462,1,-0.0016359,-0.001896,0.0016347,1,1,0.00060772,0.0018949,-0.00060462,1,-0.0016359,-0.001896,0.0016347,1,2.0178,0.47519,31.346
-0.00087419,8.2963e-05,30.836,0.052102,-0.0031853,23.341,56,0,0,0.27541,0.23357,0.23357,1.4028,0,0,0.0077924,1,-0.0022122,0,0.0022122,1,0,0,0,1,1,-0.0022122,0,0.0022122,1,0,0,0,1,0.5335,0.53446,31.352
-0.0010274,4.1985e-05,30.829,0.059298,0.018119,23.335,57,0.073682,0.1547,0.33585,0.06269,0.06269,1.4028,0.0019889,-0.0019889,-0.0020908,0.99998,0.0064206,0.0022572,-0.006425,0.99998,0.0019368,-0.0022448,-0.0019513,1,0.99998,0.0064206,0.0022572,-0.006425,0.99998,0.0019368,-0.0022448,-0.0019513,1,0.6521,0.53442,31.345
-0.0013887,-0.00010938,30.82,0.04561,0.0072986,23.311,58,-0.49249,-0.48329,0.23757,0,0,1.4028,0,0,0,0.9999,0.0015367,0.013832,-0.0015288,1,-0.00058621,-0.013832,0.00056501,0.9999,0.9999,0.0015367,0.013832,-0.0015288,1,-0.00058621,-0.013832,0.00056501,0.9999,0.77049,0.53427,31.335
-0.0014002,-0.00010131,30.822,0.056881,-0.0042144,23.321,59,0.032032,-0.068863,0.010834,0.16919,0.10751,1.4028,0.0034852,-0.005769,-0.014591,0.99991,-0.00091498,0.013299,0.00090556,1,0.00071469,-0.0133,-0.00070258,0.99991,0.99991,-0.00091498,0.013299,0.00090556,1,0.00071469,-0.0133,-0.00070258,0.99991,0.88922,0.53427,31.337
-0.0013795,-1.5998e-05,30.818,0.065444,-0.0069557,23.315,60,0.18131,0.24705,-0.051864,0.42058,-1.1163,1.4028,0.024233,-0.0050293,0.0078601,0.99992,0.0025057,0.012138,-0.0025129,1,0.00058297,-0.012136,-0.00061343,0.99993,0.99992,0.0025057,0.012138,-0.0025129,1,0.00058297,-0.012136,-0.00061343,0.99993,1.008,0.53436,31.333
-0.0013701,6.6364e-05,30.826,0.05465,0.0078405,23.329,61,-0.085546,-0.16624,-0.18317,3.2232,2.5074,1.4028,0.080184,-0.10178,-0.11339,0.99991,0.0051877,0.012054,-0.005178,0.99999,-0.00083233,-0.012058,0.00076984,0.99993,0.99991,0.0051877,0.012054,-0.005178,0.99999,-0.00083233,-0.012058,0.00076984,0.99993,1.1268,0.53444,31.342
-0.0012926,0.00014302,30.822,0.053216,0.012024,23.323,62,-0.10067,-0.13682,-0.034805,2.7601,2.2946,1.4028,0.073222,-0.088292,-0.071328,0.99994,0.0044519,0.010012,-0.0044405,0.99999,-0.0011594,-0.010018,0.0011149,0.99995,0.99994,0.0044519,0.010012,-0.0044405,0.99999,-0.0011594,-0.010018,0.0011149,0.99995,1.2456,0.53452,31.337
-0.0013127,0.00022359,30.819,0.055879,0.00024902,23.316,63,-0.056239,-0.057246,-0.11059,0.21241,0.29914,1.4028,0.0096301,-0.0069006,-0.019534,0.99993,0.0032584,0.011353,-0.0032302,0.99999,-0.0025048,-0.011361,0.0024679,0.99993,0.99993,0.0032584,0.011353,-0.0032302,0.99999,-0.0025048,-0.011361,0.0024679,0.99993,1.3643,0.5346,31.335
-0.0012149,-0.00019289,30.824,0.05509,0.006873,23.326,64,-0.067315,0.03414,-0.044562,0,0,1.4028,0,0,0,0.99995,-0.0054724,0.0088452,0.0054661,0.99998,0.0007365,-0.0088493,-0.00068811,0.99996,0.99995,-0.0054724,0.0088452,0.0054661,0.99998,0.0007365,-0.0088493,-0.00068811,0.99996,1.4832,0.53418,31.339
-0.0013374,-4.4038e-05,30.824,0.039742,0.015946,23.327,65,0.19089,-0.23197,-0.37976,-1.4026,-0.71289,1.4028,0.0036749,-0.03123,-0.018596,0.99983,0.013665,0.012004,-0.013627,0.9999,-0.0032185,-0.012049,0.0030544,0.99992,0.99983,0.013665,0.012004,-0.013627,0.9999,-0.0032185,-0.012049,0.0030544,0.99992,1.6018,0.53433,31.34
-0.0013982,9.921e-05,30.818,0.061495,-0.0024745,23.319,66,-0.13924,0.16522,-0.085144,0.3327,0.27503,1.4028,0.0083121,-0.0080418,0.0095175,0.99991,0.0024953,0.012866,-0.0024722,1,-0.0018108,-0.012871,0.0017788,0.99992,0.99991,0.0024953,0.012866,-0.0024722,1,-0.0018108,-0.012871,0.0017788,0.99992,1.7205,0.53447,31.334
-0.0014186,6.7119e-05,30.822,0.059268,0.0024623,23.324,67,-0.011659,0.066706,0.11764,0.58175,0.44669,1.4028,-0.0072712,0.0027945,0.0079463,0.9999,0.0051989,0.013458,-0.0051682,0.99998,-0.0023161,-0.013471,0.0022463,0.99991,0.9999,0.0051989,0.013458,-0.0051682,0.99998,-0.0023161,-0.013471,0.0022463,0.99991,1.8392,0.53444,31.338
-0.0012618,0.00022082,30.825,0.057679,0.0082399,23.327,68,-0.17966,-0.033646,-0.49493,0.065935,-0.022062,1.4028,-0.00069977,-0.0020913,1.989e-06,0.99995,0.0051778,0.0090936,-0.0051415,0.99998,-0.0040025,-0.0091142,0.0039555,0.99995,0.99995,0.0051778,0.0090936,-0.0051415,0.99998,-0.0040025,-0.0091142,0.0039555,0.99995,1.9581,0.5346,31.341
-0.00097287,0.00012203,30.829,0.061746,0.001126,23.335,69,0.088915,-0.22629,0.16355,-0.25148,0.66421,1.4028,-0.021279,-0.0077541,0.069477,1,-0.00040588,0.0010221,0.00040682,1,-0.0009267,-0.0010225,0.00092711,1,1,-0.00040588,0.0010221,0.00040682,1,-0.0009267,-0.0010225,0.00092711,1,2.0771,0.5345,31.344
-0.00085937,-0.00019525,30.836,0.060253,0.0055487,23.341,70,0,0,-0.0076471,0,0,1.4028,0,0,0,0.99999,-0.0040734,0,0.0040734,0.99999,0,0,0,1,0.99999,-0.0040734,0,0.0040734,0.99999,0,0,0,1,2.196,0.53418,31.352
-0.0010388,-0.00012634,30.829,0.058152,0.0090548,23.332,71,-0.024135,0.051251,-0.0090185,-11.267,-0.37611,19.895,-0.067168,-0.46545,0.63022,0.99999,0.0017513,0.0029364,-0.001755,1,0.0012602,-0.0029342,-0.0012654,0.99999,0.99999,0.0017513,0.0029364,-0.001755,1,0.0012602,-0.0029342,-0.0012654,0.99999,0.59271,0.59362,31.345
-0.0013941,-9.4644e-05,30.824,0.047898,0.0028946,23.326,72,-0.04355,-0.076565,-0.025724,0.1388,0.84423,19.895,0.11455,-0.092465,0.029821,0.99997,-0.00020011,0.0071066,0.00018436,1,0.0022174,-0.0071072,-0.002216,0.99997,0.99997,-0.00020011,0.0071066,0.00018436,1,0.0022174,-0.0071072,-0.002216,0.99997,0.71111,0.59366,31.34
-0.0019569,-7.536e-05,30.818,0.0617,0.0077766,23.32,73,-0.094665,-0.039188,0.15861,-1.7957,-1.5185,9.9473,0.1277,-0.053415,0.013207,0.99991,-0.0084056,0.010196,0.0083804,0.99996,0.0025152,-0.010216,-0.0024295,0.99994,0.99991,-0.0084056,0.010196,0.0083804,0.99996,0.0025152,-0.010216,-0.0024295,0.99994,0.80833,0.61464,31.334
-0.00096697,-0.00027909,30.811,0.0657,-0.011482,23.306,74,0.12385,0.041314,-0.099231,0,0,9.9473,0,0,0,0.99996,-0.0058354,0.0066374,0.0058223,0.99998,0.0019905,-0.0066496,-0.0019518,0.99998,0.99996,-0.0058354,0.0066374,0.0058223,0.99998,0.0019905,-0.0066496,-0.0019518,0.99998,0.85125,0.57251,31.327
-0.001337,-0.00010507,30.821,0.048705,0.0087324,23.319,75,-0.082515,-0.18473,-0.064241,4.7711,-0.57241,9.9473,-0.287,0.11857,0.1126,0.99997,-0.0016547,0.0081766,0.0016387,1,0.0019663,-0.0081795,-0.0019528,0.99996,0.99997,-0.0016547,0.0081766,0.0016387,1,0.0019663,-0.0081795,-0.0019528,0.99996,0.96963,0.61461,31.337
-0.0020259,-0.00063096,30.824,0.048302,-0.012369,23.326,76,0.1063,-0.043294,0.087849,0.70069,-0.70069,9.9473,-0.022487,-0.022487,0.027045,0.9999,0.0023776,0.013596,-0.0024544,0.99998,0.0056354,-0.013584,-0.0056683,0.99989,0.9999,0.0023776,0.013596,-0.0024544,0.99998,0.0056354,-0.013584,-0.0056683,0.99989,0.92701,0.57216,31.339
-0.0014342,1.6137e-06,30.815,0.054185,-0.0028728,23.315,77,0.0032467,-0.056579,0.057654,5.4621,-0.48161,19.895,-0.015166,-0.19503,-0.010666,0.99997,-0.00090398,0.008033,0.00090148,1,0.00031471,-0.0080334,-0.00030746,0.99997,0.99997,-0.00090398,0.008033,0.00090148,1,0.00031471,-0.0080334,-0.00030746,0.99997,1.0673,0.59375,31.331
-0.0014159,0.00011864,30.818,0.059233,0.0036337,23.319,78,-0.046996,-0.098588,0.042566,2.2812,0.24793,19.895,-0.038264,-0.15642,-0.12039,0.99997,-0.0013273,0.0076481,0.0013315,1,-0.00054526,-0.0076474,0.00055542,0.99997,0.99997,-0.0013273,0.0076481,0.0013315,1,-0.00054526,-0.0076474,0.00055542,0.99997,1.1861,0.59387,31.334
-0.0012777,5.7555e-05,30.818,0.055498,0.0077758,23.318,79,-0.23353,0.027437,0.030189,0,0,9.9473,0,0,0,0.99998,0.00033251,0.0068856,-0.00032198,1,-0.0015305,-0.0068858,0.0015283,0.99998,0.99998,0.00033251,0.0068856,-0.00032198,1,-0.0015305,-0.0068858,0.0015283,0.99998,1.3259,0.61477,31.334
-0.0016151,0.00023283,30.812,0.047125,0.014851,23.304,80,-0.10061,-0.030737,0.25853,6.6697,2.3847,9.9473,0.72424,-0.21223,0.021625,0.99997,0.0022089,0.0080486,-0.0021853,0.99999,-0.0029351,-0.0080551,0.0029174,0.99996,0.99997,0.0022089,0.0080486,-0.0021853,0.99999,-0.0029351,-0.0080551,0.0029174,0.99996,1.2837,0.57302,31.328
-0.0012977,0.00021653,30.814,0.057933,0.00093532,23.314,81,-0.083871,-0.025942,0.036762,1.1268,-4.0838,19.895,-0.1294,0.0010369,0.0076623,0.99998,-0.0017607,0.0063034,0.0017751,1,-0.0022694,-0.0062993,0.0022806,0.99998,0.99998,-0.0017607,0.0063034,0.0017751,1,-0.0022694,-0.0062993,0.0022806,0.99998,1.4237,0.59397,31.33
-0.0019244,0.00039787,30.811,0.064062,0.002064,23.309,82,-0.16428,-0.0057601,0.2852,5.4281,0.87295,9.9473,0.13277,-0.11523,-0.23482,0.9999,-0.0078139,0.011808,0.0078303,0.99997,-0.0013454,-0.011796,0.0014377,0.99993,0.9999,-0.0078139,0.011808,0.0078303,0.99997,-0.0013454,-0.011796,0.0014377,0.99993,1.5418,0.62379,31.327
-0.001396,-0.0005504,30.813,0.051611,-0.0015077,23.31,83,0.015297,0.011045,0.014334,2.55,2.7581,9.9473,-0.059975,0.081487,0.12121,0.99998,-2.9164e-05,0.006945,5.9974e-07,0.99999,0.0041125,-0.006946,-0.0041124,0.99997,0.99998,-2.9164e-05,0.006945,5.9974e-07,0.99999,0.0041125,-0.006946,-0.0041124,0.99997,1.5424,0.56355,31.329
-0.0014408,0.00018173,30.812,0.055976,0.012879,23.312,84,-0.24385,0.013775,-0.11309,6.9008,-1.535,19.895,-0.07364,0.20193,-0.0051317,0.99997,-0.0016497,0.0077656,0.0016646,1,-0.0019145,-0.0077625,0.0019274,0.99997,0.99997,-0.0016497,0.0077656,0.0016646,1,-0.0019145,-0.0077625,0.0019274,0.99997,1.6611,0.59393,31.327
-0.0014634,0.00032703,30.824,0.053395,0.011581,23.326,85,-0.025756,-0.088022,-0.16129,0.70023,-0.11134,9.9473,-0.049031,0.1841,0.015681,0.99992,-0.0066579,0.010596,0.006659,0.99998,-6.2938e-05,-0.010595,0.00013349,0.99994,0.99992,-0.0066579,0.010596,0.006659,0.99998,-6.2938e-05,-0.010595,0.00013349,0.99994,1.8007,0.61504,31.339
-0.0018315,-0.00010262,30.824,0.076397,0.012341,23.326,86,-0.057915,0.16365,0.1314,1.324,-1.324,9.9473,-0.042297,-0.042297,0.05143,0.99993,0.0018983,0.011486,-0.0019003,1,0.00016183,-0.011486,-0.00018364,0.99993,0.99993,0.0018983,0.011486,-0.0019003,1,0.00016183,-0.011486,-0.00018364,0.99993,1.7585,0.57268,31.34
-0.0014158,0.0001961,30.824,0.058286,0.005515,23.326,87,0.04234,-0.05149,-0.007936,6.2323,1.6232,19.895,0.074205,-0.17823,-0.085242,0.99997,-0.00066175,0.0080876,0.00067919,1,-0.0021528,-0.0080861,0.0021582,0.99996,0.99997,-0.00066175,0.0080876,0.00067919,1,-0.0021528,-0.0080861,0.0021582,0.99996,1.8986,0.59395,31.34
-0.0012098,0.00031249,30.825,0.057065,-0.0029144,23.329,88,0.0012679,0.13122,-0.084784,18.997,11.749,19.895,1.1919,-1.173,0.7789,0.99999,-0.0011044,0.0050383,0.0011248,0.99999,-0.0040478,-0.0050339,0.0040534,0.99998,0.99999,-0.0011044,0.0050383,0.0011248,0.99999,-0.0040478,-0.0050339,0.0040534,0.99998,2.0175,0.59406,31.341
-0.0010795,0.00042875,30.828,0.061122,-0.00035118,23.329,89,-0.030348,-0.0051714,-0.11099,5.1679,2.552,9.9473,-0.24017,-0.15626,0.017815,0.99993,0.011729,0.0020694,-0.011729,0.99993,0.0001867,-0.0020672,-0.00021096,1,0.99993,0.011729,0.0020694,-0.011729,0.99993,0.0001867,-0.0020672,-0.00021096,1,2.1068,0.59418,31.344
-0.00090857,-0.0005712,30.83,0.062178,-0.018857,23.333,90,0.12505,0.018641,0.23571,2.5683,-2.5683,9.9473,-0.081368,-0.081368,-0.13171,0.99995,0.0096023,0.0020892,-0.0096031,0.99995,0.00039056,-0.0020852,-0.0004106,1,0.99995,0.0096023,0.0020892,-0.0096031,0.99995,0.00039056,-0.0020852,-0.0004106,1,2.1662,0.59318,31.345
-0.0009036,5.966e-05,30.836,0.059377,-0.0024956,23.341,91,0,0,0.020338,0.54414,-0.27408,1.4028,0,0,-0.0091438,1,-0.00063163,0,0.00063163,1,0,0,0,1,1,-0.00063163,0,0.00063163,1,0,0,0,1,0.41472,0.65318,31.352
-0.001064,-0.00018266,30.827,0.06129,0.011904,23.334,92,-0.15861,0.23947,0.16324,-0.82048,-0.8316,1.4028,-0.01256,0.012913,-0.020524,0.99999,0.0029967,0.0036806,-0.0030005,0.99999,0.0010347,-0.0036779,-0.0010457,0.99999,0.99999,0.0029967,0.0036806,-0.0030005,0.99999,0.0010347,-0.0036779,-0.0010457,0.99999,0.53331,0.65294,31.343
-0.0013285,-0.00020796,30.828,0.05869,0.0019014,23.321,93,0.03457,0.017446,-0.2308,0.51173,1.8565,1.4028,-0.0006659,0.0013759,-0.030415,0.99994,0.0019318,0.011101,-0.0019742,0.99999,0.0038119,-0.011093,-0.0038336,0.99993,0.99994,0.0019318,0.011101,-0.0019742,0.99999,0.0038119,-0.011093,-0.0038336,0.99993,0.6518,0.65292,31.344
-0.0013702,-0.00014014,30.824,0.050154,0.0034189,23.326,94,0.087208,-0.17567,0.010347,0.23317,-0.35997,1.4028,-0.011718,-0.0091364,0.0053468,0.99992,-0.0017105,0.012251,0.0016875,1,0.0018884,-0.012254,-0.0018676,0.99992,0.99992,-0.0017105,0.012251,0.0016875,1,0.0018884,-0.012254,-0.0018676,0.99992,0.7705,0.65298,31.339
-0.0013451,-4.9071e-05,30.819,0.061961,0.0019845,23.319,95,-0.035239,0.2055,0.24696,0,0,1.4028,0,0,0,0.99993,0.0040841,0.011342,-0.0041136,0.99999,0.0025776,-0.011332,-0.0026241,0.99993,0.99993,0.0040841,0.011342,-0.0041136,0.99999,0.0025776,-0.011332,-0.0026241,0.99993,0.88928,0.65308,31.334
-0.0013306,-6.3711e-05,30.818,0.068726,0.014303,23.315,96,-0.4623,0.36686,-0.19754,0.46857,0.521,1.4028,0.0031183,0.010765,0.0082315,0.99993,0.0040126,0.010837,-0.0040137,0.99999,7.2454e-05,-0.010836,-0.00011594,0.99994,0.99993,0.0040126,0.010837,-0.0040137,0.99999,7.2454e-05,-0.010836,-0.00011594,0.99994,1.008,0.65306,31.334
-0.0013463,5.0186e-05,30.819,0.058336,0.001441,23.318,97,0.058169,-0.087343,-0.13398,0.28162,0.17615,1.4028,0.0061302,-0.0077011,-0.00083807,0.99993,0.003442,0.011591,-0.0034523,0.99999,0.0008691,-0.011588,-0.00090906,0.99993,0.99993,0.003442,0.011591,-0.0034523,0.99999,0.0008691,-0.011588,-0.00090906,0.99993,1.1268,0.65318,31.335
-0.001336,0.00012976,30.817,0.060395,0.0017984,23.313,98,-0.23546,0.026121,-0.3217,1.7019,-1.3826,1.4028,0.039664,0.030251,0.028064,0.99994,0.0011324,0.01101,-0.0011015,1,-0.0028064,-0.011013,0.0027941,0.99994,0.99994,0.0011324,0.01101,-0.0011015,1,-0.0028064,-0.011013,0.0027941,0.99994,1.2455,0.65325,31.333
-0.0012819,0.00025294,30.815,0.056918,0.0044569,23.31,99,-0.13944,-0.021235,-0.15004,0.075581,-0.038592,1.4028,-0.0012241,-0.0023973,-3.6159e-06,0.99993,0.005592,0.010271,-0.0055539,0.99998,-0.0037293,-0.010292,0.003672,0.99994,0.99993,0.005592,0.010271,-0.0055539,0.99998,-0.0037293,-0.010292,0.003672,0.99994,1.3643,0.65338,31.331
-0.0013394,0.0002061,30.824,0.058833,0.0032212,23.326,100,-0.17659,0.12002,-0.1506,-1.6188,-2.7026,1.4028,-0.053158,0.035212,-0.075822,0.99991,0.0054304,0.012329,-0.0054101,0.99998,-0.001675,-0.012338,0.0016081,0.99992,0.99991,0.0054304,0.012329,-0.0054101,0.99998,-0.001675,-0.012338,0.0016081,0.99992,1.483,0.65333,31.34
-0.001273,0.0002682,30.822,0.059736,0.010935,23.324,101,-0.58325,0.22771,-0.21166,-0.020306,-0.2259,1.4028,-0.0069753,0.0011353,-0.058217,0.99992,-0.0063893,0.010943,0.0064174,0.99998,-0.0025312,-0.010926,0.0026012,0.99994,0.99992,-0.0063893,0.010943,0.0064174,0.99998,-0.0025312,-0.010926,0.0026012,0.99994,1.6018,0.65339,31.338
-0.001385,0.00021405,30.814,0.061781,0.01909,23.313,102,-0.38913,-0.083977,0.026649,0.1859,-0.31175,1.4028,-0.0099633,-0.0049125,-0.0020571,0.9999,0.0033226,0.014073,-0.0033047,0.99999,-0.001292,-0.014077,0.0012453,0.9999,0.9999,0.0033226,0.014073,-0.0033047,0.99999,-0.001292,-0.014077,0.0012453,0.9999,1.7205,0.65334,31.329
-0.0014009,0.00018856,30.824,0.057456,0.0014318,23.318,103,0.22022,-0.18015,-0.14078,-0.39201,-0.45335,1.4028,-0.014201,0.010508,0.028002,0.99991,0.0020332,0.013522,-0.0019992,0.99999,-0.0025281,-0.013528,0.0025008,0.99991,0.99991,0.0020332,0.013522,-0.0019992,0.99999,-0.0025281,-0.013528,0.0025008,0.99991,1.8392,0.65331,31.34
-0.0011358,0.00029274,30.826,0.065982,0.0051812,23.329,104,0.19156,0.062531,-0.15927,0,0,1.4028,0,0,0,0.99997,-0.0032723,0.0065664,0.0033036,0.99998,-0.0047648,-0.0065515,0.0047863,0.99997,0.99997,-0.0032723,0.0065664,0.0033036,0.99998,-0.0047648,-0.0065515,0.0047863,0.99997,1.9582,0.65342,31.342
-0.0012617,5.215e-07,30.823,0.073796,-0.011496,23.321,105,0.74722,0.431,0.41022,1.5754,2.3847,1.4028,0.019722,0.026002,-0.00032284,0.99996,-0.00011949,0.0085601,0.00012774,1,-0.00096383,-0.0085602,0.00096488,0.99996,0.99996,-0.00011949,0.0085601,0.00012774,1,-0.00096383,-0.0085602,0.00096488,0.99996,2.0769,0.65313,31.339
-0.00091624,-9.2419e-05,30.83,0.061092,-0.0067072,23.336,106,0.097992,0.18574,0.098031,0.31832,0.048238,1.4028,-0.0037105,0.0083207,0.0010856,0.99999,0.004541,0.0013037,-0.0045397,0.99999,-0.001011,-0.0013093,0.001005,1,0.99999,0.004541,0.0013037,-0.0045397,0.99999,-0.001011,-0.0013093,0.001005,1,2.196,0.65303,31.346
-0.00096519,-0.00011621,30.836,0.063935,0.0026634,23.341,107,0,0,0.034282,9.0924,-7.0441,1.4028,0,0,-0.25524,1,0.00053458,0,-0.00053458,1,0,0,0,1,1,0.00053458,0,-0.00053458,1,0,0,0,1,2.3147,0.65301,31.352
-0.0010794,0.00023069,30.83,0.056592,-0.01625,23.334,108,0.029259,0.068549,-0.13786,0.34486,0.44717,9.9473,-0.01139,-0.036464,-0.027929,0.99994,0.010308,0.0028395,-0.010314,0.99994,0.0022996,-0.0028162,-0.0023288,0.99999,0.99994,0.010308,0.0028395,-0.010314,0.99994,0.0022996,-0.0028162,-0.0023288,0.99999,0.44427,0.71273,31.346
-0.001004,-0.0007238,30.831,0.063574,0.0046632,23.336,109,-0.01176,0.07727,0.068893,2.1811,0,9.9473,0,-0.069191,-0.12456,0.99994,0.010553,0.0029506,-0.010557,0.99994,0.0014836,-0.0029351,-0.0015146,0.99999,0.99994,0.010553,0.0029506,-0.010557,0.99994,0.0014836,-0.0029351,-0.0015146,0.99999,0.50364,0.71178,31.347
-0.0013593,-0.00023443,30.824,0.057578,0.0049634,23.327,110,0.0023714,-0.014525,0.14087,29.258,2.4834,19.895,-0.39234,-0.57864,0.4728,0.99998,-0.00033836,0.0064721,0.00031373,0.99999,0.0038058,-0.0064734,-0.0038037,0.99997,0.99998,-0.00033836,0.0064721,0.00031373,0.99999,0.0038058,-0.0064734,-0.0038037,0.99997,0.59239,0.71227,31.34
-0.0014106,-6.8233e-05,30.824,0.060658,-0.0024127,23.326,111,0.018452,0.0052517,0.038443,3.3111,-0.67159,19.895,0.083614,0.044378,-0.036838,0.99996,6.1573e-07,0.0086821,-6.6277e-06,1,0.00069248,-0.0086821,-0.00069251,0.99996,0.99996,6.1573e-07,0.0086821,-6.6277e-06,1,0.00069248,-0.0086821,-0.00069251,0.99996,0.71109,0.71243,31.34
-0.0013799,-0.00013159,30.817,0.053561,0.0044223,23.318,112,-0.044615,-0.025234,-0.034005,6.3802,-2.2843,19.895,-0.13795,-0.14028,0.048596,0.99997,4.2397e-05,0.0082812,-5.4032e-05,1,0.0014048,-0.0082811,-0.0014052,0.99996,0.99997,4.2397e-05,0.0082812,-5.4032e-05,1,0.0014048,-0.0082811,-0.0014052,0.99996,0.82987,0.71237,31.333
-0.0015203,-2.6285e-05,30.816,0.048672,0.012176,23.305,113,-0.11917,-0.10386,0.028356,2.5178,2.5178,19.895,-0.13862,0.13862,-0.065326,0.99996,-0.0012882,0.0088074,0.0012844,1,0.00044739,-0.008808,-0.00043606,0.99996,0.99996,-0.0012882,0.0088074,0.0012844,1,0.00044739,-0.008808,-0.00043606,0.99996,0.94848,0.71247,31.332
-0.0014156,0.00015483,30.82,0.067707,0.00041085,23.322,114,-0.10032,0.053639,-0.12826,2.2565,3.2951,9.9473,0.36594,0.17749,-0.11226,0.99996,9.3397e-05,0.0086717,-7.9666e-05,1,-0.001584,-0.0086713,0.0015832,0.99996,0.99996,9.3397e-05,0.0086717,-7.9666e-05,1,-0.001584,-0.0086713,0.0015832,0.99996,1.0377,0.71265,31.336
-0.0014154,2.1515e-05,30.815,0.066898,0.017214,23.311,115,-0.09503,0.047507,-0.098909,0.33241,-0.47151,9.9473,-0.0014805,0.014511,-0.037065,0.99996,3.1468e-05,0.0086718,-2.8721e-05,1,-0.00031702,-0.0086714,0.00031676,0.99996,0.99996,3.1468e-05,0.0086718,-2.8721e-05,1,-0.00031702,-0.0086714,0.00031676,0.99996,1.097,0.71252,31.33
-0.0014368,0.00017851,30.817,0.060961,0.0039602,23.317,116,-0.065641,0.025641,0.065804,9.5852,8.7285,19.895,0.97468,-0.30402,0.20489,0.99997,-0.00089985,0.0080393,0.00092042,1,-0.0025553,-0.008037,0.0025626,0.99996,0.99997,-0.00089985,0.0080393,0.00092042,1,-0.0025553,-0.008037,0.0025626,0.99996,1.1861,0.71268,31.333
-0.0014128,9.6969e-05,30.811,0.061094,0.0017508,23.304,117,-0.049336,0.015609,0.081971,0.75792,-2.6691,19.895,-0.13794,-0.33331,0.061976,0.99997,-0.00045472,0.0077967,0.00046873,1,-0.0017949,-0.0077959,0.0017985,0.99997,0.99997,-0.00045472,0.0077967,0.00046873,1,-0.0017949,-0.0077959,0.0017985,0.99997,1.3048,0.7126,31.326
-0.0014261,0.00020391,30.819,0.055006,0.0077651,23.311,118,-0.078399,-0.036605,0.036749,3.567,-5.9894,19.895,-0.096778,0.26613,-0.23268,0.99997,-0.0011063,0.0078634,0.0011273,1,-0.0026703,-0.0078604,0.0026791,0.99997,0.99997,-0.0011063,0.0078634,0.0011273,1,-0.0026703,-0.0078604,0.0026791,0.99997,1.4236,0.7127,31.335
-0.0012816,0.00030862,30.818,0.061494,-0.0013112,23.316,119,-0.13586,0.0095329,0.0067208,0.4644,-5.1811,9.9473,-0.0053887,0.047699,-0.0050254,0.99997,0.0018197,0.0074382,-0.0017932,0.99999,-0.0035661,-0.0074449,0.0035526,0.99997,0.99997,0.0018197,0.0074382,-0.0017932,0.99999,-0.0035661,-0.0074449,0.0035526,0.99997,1.5634,0.73377,31.334
-0.0015437,0.00022916,30.818,0.0661,0.003882,23.32,120,-0.050466,0.24607,0.00035258,2.6689,-1.8291,9.9473,0.0019932,-0.084889,0.082248,0.99996,-0.0022519,0.008512,0.0022861,0.99999,-0.0040074,-0.0085033,0.0040267,0.99996,0.99996,-0.0022519,0.008512,0.0022861,0.99999,-0.0040074,-0.0085033,0.0040267,0.99996,1.5212,0.69177,31.334
-0.0017891,0.00060865,30.81,0.073087,0.017792,23.302,121,-0.076778,0.081917,0.4252,2.6191,-0.62124,9.9473,0.066722,0.035779,-0.047098,0.99995,-0.0022524,0.0098319,0.0022961,0.99999,-0.0044326,-0.0098214,0.0044549,0.99994,0.99995,-0.0022524,0.0098319,0.0022961,0.99999,-0.0044326,-0.0098214,0.0044549,0.99994,1.6398,0.73407,31.326
-0.0013561,3.4663e-05,30.817,0.074982,0.0011647,23.316,122,0.0095653,0.18041,-0.0024308,1.339,2.5082,9.9473,-0.024871,-0.089541,-0.15187,0.99997,0.00068704,0.0078829,-0.00068551,1,-0.00019562,-0.0078836,0.00019021,0.99997,0.99997,0.00068704,0.0078829,-0.00068551,1,-0.00019562,-0.0078836,0.00019021,0.99997,1.6821,0.69157,31.332
-0.0014759,0.00034745,30.803,0.049732,-0.0025279,23.295,123,0.0025266,-0.067279,-0.086102,3.9074,-3.2073,9.9473,0.16988,0.053861,0.074364,0.99996,0.00078544,0.0091521,-0.00075834,1,-0.0029652,-0.0091535,0.0029581,0.99995,0.99996,0.00078544,0.0091521,-0.00075834,1,-0.0029652,-0.0091535,0.0029581,0.99995,1.7588,0.73381,31.318
-0.0013847,0.0001577,30.823,0.06918,0.0077829,23.322,124,-0.061998,0.10495,-0.020336,0.9907,-1.0484,9.9473,0.21055,0.20459,0.12755,0.99995,-0.0030314,0.0098559,0.0030524,0.99999,-0.0021175,-0.0098504,0.0021475,0.99995,0.99995,-0.0030314,0.0098559,0.0030524,0.99999,-0.0021175,-0.0098504,0.0021475,0.99995,1.8008,0.69169,31.339
-0.0012547,0.00010284,30.822,0.06807,0.011014,23.324,125,-0.1153,0.087091,0.038785,1.073,1.627,9.9473,-0.068713,0.13037,-0.012505,0.99996,-0.0058803,0.0072513,0.0059033,0.99998,-0.0031545,-0.007233,0.0031972,0.99997,0.99996,-0.0058803,0.0072513,0.0059033,0.99998,-0.0031545,-0.007233,0.0031972,0.99997,1.8691,0.7126,31.337
-0.0012575,0.00070634,30.816,0.068258,0.010893,23.314,126,-0.097576,0.085802,0.038176,4.5325,1.5535,9.9473,-0.15861,0.10696,-0.018051,0.99996,-0.0058692,0.0072604,0.0059028,0.99997,-0.00462,-0.0072338,0.0046627,0.99996,0.99996,-0.0058692,0.0072604,0.0059028,0.99997,-0.00462,-0.0072338,0.0046627,0.99996,1.9284,0.71321,31.332
